LDM 42E measurement:
Do, 4. Mai 2017
09:55:43
3.7400	-0.0080
3.7600	-0.0280
3.7800	-0.0460
3.8000	-0.0650
3.8200	-0.0840
3.8400	-0.1010
3.8600	-0.1180
3.8800	-0.1330
3.9000	-0.1470
3.9200	-0.1600
3.9400	-0.1710
3.9600	-0.1820
3.9800	-0.1910
4.0000	-0.1970
4.0200	-0.2030
4.0400	-0.2090
4.0600	-0.2110
4.0800	-0.2120
4.1000	-0.2110
4.1200	-0.2080
4.1400	-0.2030
4.1600	-0.1970
4.1800	-0.1890
4.2000	-0.1820
4.2200	-0.1720
4.2400	-0.1610
4.2600	-0.1480
4.2800	-0.1330
4.3000	-0.1190
4.3200	-0.1020
4.3400	-0.0860
4.3600	-0.0690
4.3800	-0.0510
4.4000	-0.0330
4.4200	-0.0150
4.4400	0.0020
4.4600	0.0200
4.4800	0.0390
4.5000	0.0570
4.5200	0.0740
4.5400	0.0900
4.5600	0.1070
4.5800	0.1210
4.6000	0.1350
4.6200	0.1470
4.6400	0.1580
4.6600	0.1680
4.6800	0.1780
4.7000	0.1850
4.7200	0.1910
4.7400	0.1950
4.7600	0.1990
4.7800	0.2000
4.8000	0.2000
4.8200	0.1980
4.8400	0.1940
4.8600	0.1890
4.8800	0.1820
4.9000	0.1750
4.9200	0.1660
4.9400	0.1560
4.9600	0.1440
4.9800	0.1310
5.0000	0.1180
5.0200	0.1030
5.0400	0.0870
5.0600	0.0700
5.0800	0.0550
5.1000	0.0380
5.1200	0.0200
5.1400	0.0040
5.1600	-0.0140
5.1800	-0.0310
5.2000	-0.0460
5.2200	-0.0630
5.2400	-0.0800
5.2600	-0.0950
5.2800	-0.1090
5.3000	-0.1220
5.3200	-0.1340
5.3400	-0.1460
5.3600	-0.1550
5.3800	-0.1650
5.4000	-0.1720
5.4200	-0.1780
5.4400	-0.1830
5.4600	-0.1850
5.4800	-0.1870
5.5000	-0.1870
5.5200	-0.1850
5.5400	-0.1830
5.5600	-0.1790
5.5800	-0.1730
5.6000	-0.1670
5.6200	-0.1590
5.6400	-0.1500
5.6600	-0.1390
5.6800	-0.1270
5.7000	-0.1140
5.7200	-0.1000
5.7400	-0.0860
5.7600	-0.0710
5.7800	-0.0560
5.8000	-0.0390
5.8200	-0.0240
5.8400	-0.0090
5.8600	0.0070
5.8800	0.0250
5.9000	0.0400
5.9200	0.0560
5.9400	0.0710
5.9600	0.0850
5.9800	0.0990
6.0000	0.1120
6.0200	0.1240
6.0400	0.1340
6.0600	0.1440
6.0800	0.1530
6.1000	0.1600
6.1200	0.1670
6.1400	0.1710
6.1600	0.1740
6.1800	0.1760
6.2000	0.1770
6.2200	0.1760
6.2400	0.1740
6.2600	0.1700
6.2800	0.1660
6.3000	0.1590
6.3200	0.1530
6.3400	0.1440
6.3600	0.1350
6.3800	0.1240
6.4000	0.1130
6.4200	0.1000
6.4400	0.0860
6.4600	0.0720
6.4800	0.0590
6.5000	0.0430
6.5200	0.0280
6.5400	0.0130
6.5600	-0.0020
6.5800	-0.0170
6.6000	-0.0320
6.6200	-0.0460
6.6400	-0.0610
6.6600	-0.0750
6.6800	-0.0880
6.7000	-0.1000
6.7200	-0.1120
6.7400	-0.1220
6.7600	-0.1320
6.7800	-0.1410
6.8000	-0.1480
6.8200	-0.1540
6.8400	-0.1590
6.8600	-0.1630
6.8800	-0.1650
6.9000	-0.1660
6.9200	-0.1650
6.9400	-0.1640
6.9600	-0.1620
6.9800	-0.1580
7.0000	-0.1520
7.0200	-0.1460
7.0400	-0.1390
7.0600	-0.1290
7.0800	-0.1190
7.1000	-0.1090
7.1200	-0.0970
7.1400	-0.0850
7.1600	-0.0720
7.1800	-0.0590
7.2000	-0.0440
7.2200	-0.0300
7.2400	-0.0170
7.2600	-0.0030
7.2800	0.0120
7.3000	0.0260
7.3200	0.0400
7.3400	0.0540
7.3600	0.0670
7.3800	0.0790
7.4000	0.0910
7.4200	0.1030
7.4400	0.1130
7.4600	0.1230
7.4800	0.1300
7.5000	0.1380
7.5200	0.1450
7.5400	0.1500
7.5600	0.1530
7.5800	0.1550
7.6000	0.1570
7.6200	0.1570
7.6400	0.1550
7.6600	0.1530
7.6800	0.1500
7.7000	0.1450
7.7200	0.1410
7.7400	0.1330
7.7600	0.1260
7.7800	0.1170
7.8000	0.1070
7.8200	0.0970
7.8400	0.0840
7.8600	0.0730
7.8800	0.0600
7.9000	0.0480
7.9200	0.0340
7.9400	0.0210
7.9600	0.0070
7.9800	-0.0060
8.0000	-0.0190
8.0200	-0.0320
8.0400	-0.0450
8.0600	-0.0580
8.0800	-0.0690
8.1000	-0.0810
8.1200	-0.0930
8.1400	-0.1020
8.1600	-0.1110
8.1800	-0.1190
8.2000	-0.1260
8.2200	-0.1330
8.2400	-0.1390
8.2600	-0.1420
8.2800	-0.1450
8.3000	-0.1460
8.3200	-0.1480
8.3400	-0.1460
8.3600	-0.1450
8.3800	-0.1420
8.4000	-0.1380
8.4200	-0.1330
8.4400	-0.1270
8.4600	-0.1200
8.4800	-0.1120
8.5000	-0.1030
8.5200	-0.0930
8.5400	-0.0820
8.5600	-0.0720
8.5800	-0.0600
8.6000	-0.0470
8.6200	-0.0350
8.6400	-0.0240
8.6600	-0.0110
8.6800	0.0020
8.7000	0.0150
8.7200	0.0270
8.7400	0.0390
8.7600	0.0520
8.7800	0.0630
8.8000	0.0740
8.8200	0.0850
8.8400	0.0940
8.8600	0.1030
8.8800	0.1110
8.9000	0.1180
8.9200	0.1240
8.9400	0.1300
8.9600	0.1340
8.9800	0.1370
9.0000	0.1390
9.0200	0.1390
9.0400	0.1390
9.0600	0.1370
9.0800	0.1350
9.1000	0.1320
9.1200	0.1280
9.1400	0.1220
9.1600	0.1160
9.1800	0.1090
9.2000	0.1010
9.2200	0.0920
9.2400	0.0820
9.2600	0.0710
9.2800	0.0620
9.3000	0.0510
9.3200	0.0380
9.3400	0.0260
9.3600	0.0150
9.3800	0.0020
9.4000	-0.0090
9.4200	-0.0200
9.4400	-0.0320
9.4600	-0.0430
9.4800	-0.0550
9.5000	-0.0650
9.5200	-0.0750
9.5400	-0.0850
9.5600	-0.0930
9.5800	-0.1010
9.6000	-0.1070
9.6200	-0.1140
9.6400	-0.1190
9.6600	-0.1240
9.6800	-0.1270
9.7000	-0.1290
9.7200	-0.1310
9.7400	-0.1310
9.7600	-0.1300
9.7800	-0.1280
9.8000	-0.1250
9.8200	-0.1210
9.8400	-0.1160
9.8600	-0.1110
9.8800	-0.1040
9.9000	-0.0960
9.9200	-0.0890
9.9400	-0.0800
9.9600	-0.0700
9.9800	-0.0600
10.0000	-0.0490
10.0200	-0.0380
10.0400	-0.0280
10.0600	-0.0170
10.0800	-0.0060
10.1000	0.0050
10.1200	0.0170
10.1400	0.0270
10.1600	0.0390
10.1800	0.0490
10.2000	0.0590
10.2200	0.0680
10.2400	0.0770
10.2600	0.0850
10.2800	0.0940
10.3000	0.1010
10.3200	0.1060
10.3400	0.1120
10.3600	0.1170
10.3800	0.1200
10.4000	0.1230
10.4200	0.1240
10.4400	0.1240
10.4600	0.1230
10.4800	0.1220
10.5000	0.1200
10.5200	0.1160
10.5400	0.1120
10.5600	0.1080
10.5800	0.1010
10.6000	0.0950
10.6200	0.0870
10.6400	0.0780
10.6600	0.0700
10.6800	0.0610
10.7000	0.0510
10.7200	0.0410
10.7400	0.0300
10.7600	0.0200
10.7800	0.0100
10.8000	-0.0010
10.8200	-0.0110
10.8400	-0.0220
10.8600	-0.0320
10.8800	-0.0420
10.9000	-0.0520
10.9200	-0.0620
10.9400	-0.0690
10.9600	-0.0780
10.9800	-0.0850
11.0000	-0.0920
11.0200	-0.0970
11.0400	-0.1030
11.0600	-0.1080
11.0800	-0.1110
11.1000	-0.1130
11.1200	-0.1150
11.1400	-0.1160
11.1600	-0.1160
11.1800	-0.1140
11.2000	-0.1120
11.2200	-0.1100
11.2400	-0.1070
11.2600	-0.1020
11.2800	-0.0960
11.3000	-0.0900
11.3200	-0.0840
11.3400	-0.0760
11.3600	-0.0680
11.3800	-0.0590
11.4000	-0.0500
11.4200	-0.0410
11.4400	-0.0320
11.4600	-0.0220
11.4800	-0.0120
11.5000	-0.0020
11.5200	0.0080
11.5400	0.0180
11.5600	0.0280
11.5800	0.0370
11.6000	0.0470
11.6200	0.0550
11.6400	0.0630
11.6600	0.0710
11.6800	0.0780
11.7000	0.0850
11.7200	0.0910
11.7400	0.0960
11.7600	0.1010
11.7800	0.1040
11.8000	0.1070
11.8200	0.1090
11.8400	0.1100
11.8600	0.1100
11.8800	0.1090
11.9000	0.1080
11.9200	0.1050
11.9400	0.1020
11.9600	0.0980
11.9800	0.0930
12.0000	0.0880
12.0200	0.0820
12.0400	0.0740
12.0600	0.0670
12.0800	0.0590
12.1000	0.0510
12.1200	0.0420
12.1400	0.0330
12.1600	0.0240
12.1800	0.0150
12.2000	0.0060
12.2200	-0.0040
12.2400	-0.0140
12.2600	-0.0230
12.2800	-0.0320
12.3000	-0.0400
12.3200	-0.0480
12.3400	-0.0560
12.3600	-0.0630
12.3800	-0.0710
12.4000	-0.0770
12.4200	-0.0830
12.4400	-0.0890
12.4600	-0.0930
12.4800	-0.0960
12.5000	-0.0990
12.5200	-0.1010
12.5400	-0.1030
12.5600	-0.1030
12.5800	-0.1020
12.6000	-0.1010
12.6200	-0.0990
12.6400	-0.0970
12.6600	-0.0940
12.6800	-0.0890
12.7000	-0.0830
12.7200	-0.0780
12.7400	-0.0720
12.7600	-0.0650
12.7800	-0.0570
12.8000	-0.0500
12.8200	-0.0410
12.8400	-0.0330
12.8600	-0.0250
12.8800	-0.0170
12.9000	-0.0090
12.9200	0.0010
12.9400	0.0100
12.9600	0.0190
12.9800	0.0280
13.0000	0.0370
13.0200	0.0450
13.0400	0.0510
13.0600	0.0580
13.0800	0.0650
13.1000	0.0710
13.1200	0.0770
13.1400	0.0820
13.1600	0.0870
13.1800	0.0900
13.2000	0.0940
13.2200	0.0960
13.2400	0.0970
13.2600	0.0980
13.2800	0.0980
13.3000	0.0970
13.3200	0.0950
13.3400	0.0920
13.3600	0.0890
13.3800	0.0860
13.4000	0.0820
13.4200	0.0760
13.4400	0.0700
13.4600	0.0640
13.4800	0.0580
13.5000	0.0510
13.5200	0.0430
13.5400	0.0350
13.5600	0.0280
13.5800	0.0190
13.6000	0.0110
13.6200	0.0020
13.6400	-0.0070
13.6600	-0.0140
13.6800	-0.0230
13.7000	-0.0310
13.7200	-0.0370
13.7400	-0.0450
13.7600	-0.0510
13.7800	-0.0580
13.8000	-0.0640
13.8200	-0.0710
13.8400	-0.0750
13.8600	-0.0800
13.8800	-0.0830
13.9000	-0.0860
13.9200	-0.0880
13.9400	-0.0900
13.9600	-0.0910
13.9800	-0.0910
14.0000	-0.0910
14.0200	-0.0890
14.0400	-0.0880
14.0600	-0.0850
14.0800	-0.0810
14.1000	-0.0770
14.1200	-0.0730
14.1400	-0.0670
14.1600	-0.0620
14.1800	-0.0550
14.2000	-0.0480
14.2200	-0.0420
14.2400	-0.0350
14.2600	-0.0270
14.2800	-0.0210
14.3000	-0.0120
14.3200	-0.0040
14.3400	0.0040
14.3600	0.0110
14.3800	0.0190
14.4000	0.0270
14.4200	0.0340
14.4400	0.0410
14.4600	0.0480
14.4800	0.0540
14.5000	0.0600
14.5200	0.0650
14.5400	0.0700
14.5600	0.0740
14.5800	0.0780
14.6000	0.0810
14.6200	0.0840
14.6400	0.0850
14.6600	0.0860
14.6800	0.0870
14.7000	0.0860
14.7200	0.0860
14.7400	0.0840
14.7600	0.0810
14.7800	0.0790
14.8000	0.0750
14.8200	0.0710
14.8400	0.0660
14.8600	0.0600
14.8800	0.0550
14.9000	0.0490
14.9200	0.0430
14.9400	0.0360
14.9600	0.0290
14.9800	0.0220
15.0000	0.0150
15.0200	0.0070
15.0400	-0.0010
15.0600	-0.0080
15.0800	-0.0150
15.1000	-0.0220
15.1200	-0.0280
15.1400	-0.0350
15.1600	-0.0410
15.1800	-0.0470
15.2000	-0.0530
15.2200	-0.0590
15.2400	-0.0640
15.2600	-0.0690
15.2800	-0.0710
15.3000	-0.0740
15.3200	-0.0770
15.3400	-0.0790
15.3600	-0.0800
15.3800	-0.0810
15.4000	-0.0810
15.4200	-0.0800
15.4400	-0.0800
15.4600	-0.0780
15.4800	-0.0740
15.5000	-0.0710
15.5200	-0.0680
15.5400	-0.0630
15.5600	-0.0580
15.5800	-0.0520
15.6000	-0.0470
15.6200	-0.0410
15.6400	-0.0360
15.6600	-0.0290
15.6800	-0.0230
15.7000	-0.0150
15.7200	-0.0080
15.7400	-0.0010
15.7600	0.0050
15.7800	0.0120
15.8000	0.0190
15.8200	0.0260
15.8400	0.0320
15.8600	0.0380
15.8800	0.0440
15.9000	0.0500
15.9200	0.0550
15.9400	0.0590
15.9600	0.0640
15.9800	0.0670
16.0000	0.0700
16.0200	0.0730
16.0400	0.0740
16.0600	0.0750
16.0800	0.0770
16.1000	0.0770
16.1200	0.0770
16.1400	0.0750
16.1600	0.0740
16.1800	0.0720
16.2000	0.0690
16.2200	0.0650
16.2400	0.0610
16.2600	0.0570
16.2800	0.0520
16.3000	0.0470
16.3200	0.0420
16.3400	0.0360
16.3600	0.0310
16.3800	0.0240
16.4000	0.0180
16.4200	0.0110
16.4400	0.0040
16.4600	-0.0030
16.4800	-0.0090
16.5000	-0.0150
16.5200	-0.0210
16.5400	-0.0270
16.5600	-0.0330
16.5800	-0.0380
16.6000	-0.0430
16.6200	-0.0480
16.6400	-0.0540
16.6600	-0.0580
16.6800	-0.0610
16.7000	-0.0640
16.7200	-0.0670
16.7400	-0.0690
16.7600	-0.0700
16.7800	-0.0720
16.8000	-0.0710
16.8200	-0.0710
16.8400	-0.0710
16.8600	-0.0700
16.8800	-0.0670
16.9000	-0.0640
16.9200	-0.0620
16.9400	-0.0590
16.9600	-0.0540
16.9800	-0.0490
17.0000	-0.0450
17.0200	-0.0400
17.0400	-0.0350
17.0600	-0.0300
17.0800	-0.0250
17.1000	-0.0180
17.1200	-0.0110
17.1400	-0.0050
17.1600	0.0000
17.1800	0.0070
17.2000	0.0130
17.2200	0.0190
17.2400	0.0250
17.2600	0.0300
17.2800	0.0360
17.3000	0.0410
17.3200	0.0460
17.3400	0.0500
17.3600	0.0540
17.3800	0.0580
17.4000	0.0610
17.4200	0.0630
17.4400	0.0640
17.4600	0.0660
17.4800	0.0680
17.5000	0.0680
17.5200	0.0680
17.5400	0.0680
17.5600	0.0670
17.5800	0.0650
17.6000	0.0630
17.6200	0.0600
17.6400	0.0570
17.6600	0.0530
17.6800	0.0490
17.7000	0.0460
17.7200	0.0400
17.7400	0.0350
17.7600	0.0310
17.7800	0.0250
17.8000	0.0200
17.8200	0.0140
17.8400	0.0070
17.8600	0.0010
17.8800	-0.0040
17.9000	-0.0100
17.9200	-0.0150
17.9400	-0.0200
17.9600	-0.0250
17.9800	-0.0310
18.0000	-0.0360
18.0200	-0.0400
18.0400	-0.0450
18.0600	-0.0490
18.0800	-0.0530
18.1000	-0.0550
18.1200	-0.0580
18.1400	-0.0600
18.1600	-0.0610
18.1800	-0.0620
18.2000	-0.0630
18.2200	-0.0630
18.2400	-0.0630
18.2600	-0.0630
18.2800	-0.0600
18.3000	-0.0580
18.3200	-0.0570
18.3400	-0.0540
18.3600	-0.0500
18.3800	-0.0470
18.4000	-0.0430
18.4200	-0.0380
18.4400	-0.0340
18.4600	-0.0290
18.4800	-0.0260
18.5000	-0.0200
18.5200	-0.0130
18.5400	-0.0080
18.5600	-0.0040
18.5800	0.0020
18.6000	0.0070
18.6200	0.0130
18.6400	0.0180
18.6600	0.0240
18.6800	0.0290
18.7000	0.0340
18.7200	0.0380
18.7400	0.0420
18.7600	0.0460
18.7800	0.0490
18.8000	0.0520
18.8200	0.0540
18.8400	0.0560
18.8600	0.0570
18.8800	0.0600
18.9000	0.0600
18.9200	0.0610
18.9400	0.0600
18.9600	0.0600
18.9800	0.0590
19.0000	0.0570
19.0200	0.0550
19.0400	0.0520
19.0600	0.0490
19.0800	0.0460
19.1000	0.0430
19.1200	0.0390
19.1400	0.0350
19.1600	0.0300
19.1800	0.0260
19.2000	0.0210
19.2200	0.0160
19.2400	0.0100
19.2600	0.0050
19.2800	0.0010
19.3000	-0.0050
19.3200	-0.0090
19.3400	-0.0140
19.3600	-0.0200
19.3800	-0.0240
19.4000	-0.0290
19.4200	-0.0330
19.4400	-0.0380
19.4600	-0.0410
19.4800	-0.0440
19.5000	-0.0480
19.5200	-0.0500
19.5400	-0.0520
19.5600	-0.0530
19.5800	-0.0550
19.6000	-0.0560
19.6200	-0.0560
19.6400	-0.0560
19.6600	-0.0560
19.6800	-0.0550
19.7000	-0.0540
19.7200	-0.0510
19.7400	-0.0490
19.7600	-0.0460
19.7800	-0.0440
19.8000	-0.0400
19.8200	-0.0370
19.8400	-0.0340
19.8600	-0.0290
19.8800	-0.0250
19.9000	-0.0200
19.9200	-0.0150
19.9400	-0.0100
19.9600	-0.0060
19.9800	-0.0010
20.0000	0.0030
20.0200	0.0080
20.0400	0.0120
20.0600	0.0170
20.0800	0.0230
20.1000	0.0270
20.1200	0.0310
20.1400	0.0340
20.1600	0.0390
20.1800	0.0420
20.2000	0.0440
20.2200	0.0470
20.2400	0.0490
20.2600	0.0500
20.2800	0.0520
20.3000	0.0530
20.3200	0.0540
20.3400	0.0540
20.3600	0.0530
20.3800	0.0530
20.4000	0.0520
20.4200	0.0500
20.4400	0.0480
20.4600	0.0450
20.4800	0.0430
20.5000	0.0400
20.5200	0.0370
20.5400	0.0330
20.5600	0.0300
20.5800	0.0250
20.6000	0.0210
20.6200	0.0170
20.6400	0.0120
20.6600	0.0080
20.6800	0.0030
20.7000	-0.0010
20.7200	-0.0050
20.7400	-0.0100
20.7600	-0.0140
20.7800	-0.0190
20.8000	-0.0230
20.8200	-0.0260
20.8400	-0.0300
20.8600	-0.0340
20.8800	-0.0370
20.9000	-0.0400
20.9200	-0.0420
20.9400	-0.0440
20.9600	-0.0460
20.9800	-0.0480
21.0000	-0.0480
21.0200	-0.0490
21.0400	-0.0500
21.0600	-0.0500
21.0800	-0.0490
21.1000	-0.0480
21.1200	-0.0470
21.1400	-0.0450
21.1600	-0.0430
21.1800	-0.0400
21.2000	-0.0380
21.2200	-0.0350
21.2400	-0.0320
21.2600	-0.0280
21.2800	-0.0250
21.3000	-0.0210
21.3200	-0.0160
21.3400	-0.0120
21.3600	-0.0080
21.3800	-0.0040
21.4000	-0.0000
21.4200	0.0040
21.4400	0.0080
21.4600	0.0130
21.4800	0.0180
21.5000	0.0220
21.5200	0.0240
21.5400	0.0280
21.5600	0.0320
21.5800	0.0360
21.6000	0.0380
21.6200	0.0400
21.6400	0.0420
21.6600	0.0440
21.6800	0.0460
21.7000	0.0460
21.7200	0.0470
21.7400	0.0480
21.7600	0.0480
21.7800	0.0470
21.8000	0.0470
21.8200	0.0460
21.8400	0.0440
21.8600	0.0410
21.8800	0.0400
21.9000	0.0380
21.9200	0.0350
21.9400	0.0310
21.9600	0.0290
21.9800	0.0250
22.0000	0.0220
22.0200	0.0180
22.0400	0.0140
22.0600	0.0090
22.0800	0.0060
22.1000	0.0020
22.1200	-0.0020
22.1400	-0.0060
22.1600	-0.0100
22.1800	-0.0140
22.2000	-0.0170
22.2200	-0.0210
22.2400	-0.0250
22.2600	-0.0280
22.2800	-0.0320
22.3000	-0.0340
22.3200	-0.0360
22.3400	-0.0380
22.3600	-0.0400
22.3800	-0.0410
22.4000	-0.0420
22.4200	-0.0430
22.4400	-0.0440
22.4600	-0.0440
22.4800	-0.0440
22.5000	-0.0440
22.5200	-0.0420
22.5400	-0.0410
22.5600	-0.0390
22.5800	-0.0370
22.6000	-0.0350
22.6200	-0.0320
22.6400	-0.0300
22.6600	-0.0270
22.6800	-0.0240
22.7000	-0.0210
22.7200	-0.0160
22.7400	-0.0130
22.7600	-0.0100
22.7800	-0.0060
22.8000	-0.0030
22.8200	0.0010
22.8400	0.0050
22.8600	0.0090
22.8800	0.0130
22.9000	0.0160
22.9200	0.0200
22.9400	0.0230
22.9600	0.0260
22.9800	0.0290
23.0000	0.0320
23.0200	0.0340
23.0400	0.0360
23.0600	0.0380
23.0800	0.0400
23.1000	0.0410
23.1200	0.0410
23.1400	0.0420
23.1600	0.0420
23.1800	0.0420
23.2000	0.0420
23.2200	0.0410
23.2400	0.0400
23.2600	0.0380
23.2800	0.0370
23.3000	0.0350
23.3200	0.0320
23.3400	0.0300
23.3600	0.0280
23.3800	0.0240
23.4000	0.0210
23.4200	0.0180
23.4400	0.0140
23.4600	0.0110
23.4800	0.0080
23.5000	0.0040
23.5200	0.0010
23.5400	-0.0030
23.5600	-0.0070
23.5800	-0.0100
23.6000	-0.0130
23.6200	-0.0170
23.6400	-0.0200
23.6600	-0.0230
23.6800	-0.0260
23.7000	-0.0290
23.7200	-0.0300
23.7400	-0.0330
23.7600	-0.0340
23.7800	-0.0360
23.8000	-0.0370
23.8200	-0.0380
23.8400	-0.0380
23.8600	-0.0390
23.8800	-0.0400
23.9000	-0.0390
23.9200	-0.0380
23.9400	-0.0370
23.9600	-0.0350
23.9800	-0.0340
24.0000	-0.0320
24.0200	-0.0300
24.0400	-0.0290
24.0600	-0.0270
24.0800	-0.0240
24.1000	-0.0210
24.1200	-0.0170
24.1400	-0.0140
24.1600	-0.0110
24.1800	-0.0080
24.2000	-0.0050
24.2200	-0.0010
24.2400	0.0020
24.2600	0.0050
24.2800	0.0090
24.3000	0.0120
24.3200	0.0150
24.3400	0.0180
24.3600	0.0210
24.3800	0.0240
24.4000	0.0270
24.4200	0.0290
24.4400	0.0300
24.4600	0.0330
24.4800	0.0340
24.5000	0.0350
24.5200	0.0360
24.5400	0.0370
24.5600	0.0380
24.5800	0.0380
24.6000	0.0380
24.6200	0.0370
24.6400	0.0360
24.6600	0.0350
24.6800	0.0340
24.7000	0.0320
24.7200	0.0300
24.7400	0.0280
24.7600	0.0260
24.7800	0.0240
24.8000	0.0210
24.8200	0.0190
24.8400	0.0150
24.8600	0.0120
24.8800	0.0090
24.9000	0.0060
24.9200	0.0030
24.9400	-0.0000
24.9600	-0.0040
24.9800	-0.0070
25.0000	-0.0100
25.0200	-0.0120
25.0400	-0.0160
25.0600	-0.0190
25.0800	-0.0210
25.1000	-0.0240
25.1200	-0.0250
25.1400	-0.0270
25.1600	-0.0290
25.1800	-0.0310
25.2000	-0.0310
25.2200	-0.0330
25.2400	-0.0340
25.2600	-0.0340
25.2800	-0.0350
25.3000	-0.0350
25.3200	-0.0340
25.3400	-0.0330
25.3600	-0.0320
25.3800	-0.0310
25.4000	-0.0300
25.4200	-0.0280
25.4400	-0.0270
25.4600	-0.0250
25.4800	-0.0230
25.5000	-0.0210
25.5200	-0.0170
25.5400	-0.0140
25.5600	-0.0120
25.5800	-0.0090
25.6000	-0.0060
25.6200	-0.0030
25.6400	-0.0000
25.6600	0.0020
25.6800	0.0060
25.7000	0.0090
25.7200	0.0120
25.7400	0.0140
25.7600	0.0180
25.7800	0.0200
25.8000	0.0230
25.8200	0.0250
25.8400	0.0260
25.8600	0.0280
25.8800	0.0300
25.9000	0.0310
25.9200	0.0310
25.9400	0.0320
25.9600	0.0330
25.9800	0.0330
26.0000	0.0340
26.0200	0.0340
26.0400	0.0320
26.0600	0.0320
26.0800	0.0310
26.1000	0.0300
26.1200	0.0280
26.1400	0.0260
26.1600	0.0250
26.1800	0.0230
26.2000	0.0200
26.2200	0.0180
26.2400	0.0150
26.2600	0.0120
26.2800	0.0100
26.3000	0.0070
26.3200	0.0050
26.3400	0.0020
26.3600	-0.0010
26.3800	-0.0040
26.4000	-0.0070
26.4200	-0.0100
26.4400	-0.0130
26.4600	-0.0150
26.4800	-0.0170
26.5000	-0.0200
26.5200	-0.0210
26.5400	-0.0230
26.5600	-0.0250
26.5800	-0.0260
26.6000	-0.0270
26.6200	-0.0280
26.6400	-0.0300
26.6600	-0.0300
26.6800	-0.0310
26.7000	-0.0310
26.7200	-0.0300
26.7400	-0.0300
26.7600	-0.0290
26.7800	-0.0280
26.8000	-0.0270
26.8200	-0.0260
26.8400	-0.0250
26.8600	-0.0230
26.8800	-0.0210
26.9000	-0.0190
26.9200	-0.0160
26.9400	-0.0140
26.9600	-0.0120
26.9800	-0.0090
27.0000	-0.0070
27.0200	-0.0040
27.0400	-0.0020
27.0600	0.0000
27.0800	0.0040
27.1000	0.0060
27.1200	0.0090
27.1400	0.0110
27.1600	0.0140
27.1800	0.0160
27.2000	0.0180
27.2200	0.0210
27.2400	0.0220
27.2600	0.0240
27.2800	0.0260
27.3000	0.0270
27.3200	0.0270
27.3400	0.0280
27.3600	0.0290
27.3800	0.0290
27.4000	0.0300
27.4200	0.0300
27.4400	0.0290
27.4600	0.0290
27.4800	0.0280
27.5000	0.0270
27.5200	0.0250
27.5400	0.0240
27.5600	0.0230
27.5800	0.0220
27.6000	0.0200
27.6200	0.0180
27.6400	0.0150
27.6600	0.0120
27.6800	0.0110
27.7000	0.0080
27.7200	0.0050
27.7400	0.0030
27.7600	0.0000
27.7800	-0.0020
27.8000	-0.0050
27.8200	-0.0070
27.8400	-0.0100
27.8600	-0.0120
27.8800	-0.0140
27.9000	-0.0160
27.9200	-0.0170
27.9400	-0.0190
27.9600	-0.0210
27.9800	-0.0220
28.0000	-0.0230
28.0200	-0.0240
28.0400	-0.0260
28.0600	-0.0270
28.0800	-0.0270
28.1000	-0.0270
28.1200	-0.0270
28.1400	-0.0260
28.1600	-0.0260
28.1800	-0.0250
28.2000	-0.0240
28.2200	-0.0240
28.2400	-0.0230
28.2600	-0.0220
28.2800	-0.0200
28.3000	-0.0180
28.3200	-0.0160
28.3400	-0.0140
28.3600	-0.0120
28.3800	-0.0100
28.4000	-0.0080
28.4200	-0.0050
28.4400	-0.0040
28.4600	-0.0020
28.4800	0.0020
28.5000	0.0040
28.5200	0.0060
28.5400	0.0080
28.5600	0.0110
28.5800	0.0130
28.6000	0.0150
28.6200	0.0170
28.6400	0.0190
28.6600	0.0200
28.6800	0.0220
28.7000	0.0230
28.7200	0.0240
28.7400	0.0240
28.7600	0.0250
28.7800	0.0260
28.8000	0.0270
28.8200	0.0270
28.8400	0.0260
28.8600	0.0260
28.8800	0.0260
28.9000	0.0250
28.9200	0.0230
28.9400	0.0220
28.9600	0.0210
28.9800	0.0200
29.0000	0.0190
29.0200	0.0170
29.0400	0.0140
29.0600	0.0120
29.0800	0.0110
29.1000	0.0090
29.1200	0.0070
29.1400	0.0050
29.1600	0.0020
29.1800	-0.0000
29.2000	-0.0020
29.2200	-0.0040
29.2400	-0.0070
29.2600	-0.0090
29.2800	-0.0110
29.3000	-0.0130
29.3200	-0.0140
29.3400	-0.0150
29.3600	-0.0170
29.3800	-0.0190
29.4000	-0.0200
29.4200	-0.0210
29.4400	-0.0220
29.4600	-0.0230
29.4800	-0.0240
29.5000	-0.0240
29.5200	-0.0230
29.5400	-0.0230
29.5600	-0.0230
29.5800	-0.0230
29.6000	-0.0220
29.6200	-0.0220
29.6400	-0.0210
29.6600	-0.0200
29.6800	-0.0190
29.7000	-0.0180
29.7200	-0.0150
29.7400	-0.0140
29.7600	-0.0120
29.7800	-0.0100
29.8000	-0.0080
29.8200	-0.0070
29.8400	-0.0050
29.8600	-0.0030
29.8800	-0.0000
29.9000	0.0020
29.9200	0.0040
29.9400	0.0060
29.9600	0.0080
29.9800	0.0100
30.0000	0.0120
30.0200	0.0140
30.0400	0.0150
30.0600	0.0160
30.0800	0.0190
30.1000	0.0200
30.1200	0.0200
30.1400	0.0210
30.1600	0.0230
30.1800	0.0230
30.2000	0.0230
30.2200	0.0240
30.2400	0.0230
30.2600	0.0230
30.2800	0.0230
30.3000	0.0220
30.3200	0.0220
30.3400	0.0200
30.3600	0.0200
30.3800	0.0180
30.4000	0.0180
30.4200	0.0160
30.4400	0.0140
30.4600	0.0120
30.4800	0.0110
30.5000	0.0090
30.5200	0.0070
30.5400	0.0060
30.5600	0.0030
30.5800	0.0010
30.6000	-0.0010
30.6200	-0.0030
30.6400	-0.0060
30.6600	-0.0070
30.6800	-0.0090
30.7000	-0.0100
30.7200	-0.0110
30.7400	-0.0130
30.7600	-0.0140
30.7800	-0.0160
30.8000	-0.0170
30.8200	-0.0180
30.8400	-0.0200
30.8600	-0.0200
30.8800	-0.0210
30.9000	-0.0210
30.9200	-0.0210
30.9400	-0.0210
30.9600	-0.0210
30.9800	-0.0210
31.0000	-0.0200
31.0200	-0.0200
31.0400	-0.0190
31.0600	-0.0180
31.0800	-0.0180
31.1000	-0.0160
31.1200	-0.0140
31.1400	-0.0130
31.1600	-0.0110
31.1800	-0.0100
31.2000	-0.0090
31.2200	-0.0070
31.2400	-0.0060
31.2600	-0.0040
31.2800	-0.0020
31.3000	0.0010
31.3200	0.0030
31.3400	0.0050
31.3600	0.0060
31.3800	0.0080
31.4000	0.0100
31.4200	0.0110
31.4400	0.0120
31.4600	0.0140
31.4800	0.0160
31.5000	0.0170
31.5200	0.0170
31.5400	0.0180
31.5600	0.0190
31.5800	0.0200
31.6000	0.0200
31.6200	0.0210
31.6400	0.0210
31.6600	0.0210
31.6800	0.0210
31.7000	0.0210
31.7200	0.0200
31.7400	0.0180
31.7600	0.0190
31.7800	0.0170
31.8000	0.0170
31.8200	0.0150
31.8400	0.0130
31.8600	0.0120
31.8800	0.0110
31.9000	0.0090
31.9200	0.0080
31.9400	0.0060
31.9600	0.0040
31.9800	0.0020
32.0000	0.0000
32.0200	-0.0010
32.0400	-0.0040
32.0600	-0.0050
32.0800	-0.0070
32.1000	-0.0080
32.1200	-0.0080
32.1400	-0.0100
32.1600	-0.0120
32.1800	-0.0140
32.2000	-0.0150
32.2200	-0.0160
32.2400	-0.0170
32.2600	-0.0180
32.2800	-0.0180
32.3000	-0.0190
32.3200	-0.0180
32.3400	-0.0180
32.3600	-0.0180
32.3800	-0.0180
32.4000	-0.0180
32.4200	-0.0180
32.4400	-0.0180
32.4600	-0.0170
32.4800	-0.0160
32.5000	-0.0150
32.5200	-0.0130
32.5400	-0.0110
32.5600	-0.0110
32.5800	-0.0100
32.6000	-0.0090
32.6200	-0.0060
32.6400	-0.0060
32.6600	-0.0040
32.6800	-0.0020
32.7000	-0.0000
32.7200	0.0010
32.7400	0.0030
32.7600	0.0050
32.7800	0.0060
32.8000	0.0080
32.8200	0.0090
32.8400	0.0100
32.8600	0.0120
32.8800	0.0140
32.9000	0.0150
32.9200	0.0150
32.9400	0.0160
32.9600	0.0170
32.9800	0.0170
33.0000	0.0180
33.0200	0.0180
33.0400	0.0180
33.0600	0.0180
33.0800	0.0190
33.1000	0.0180
33.1200	0.0170
33.1400	0.0170
33.1600	0.0170
33.1800	0.0160
33.2000	0.0150
33.2200	0.0140
33.2400	0.0120
33.2600	0.0110
33.2800	0.0110
33.3000	0.0090
33.3200	0.0080
33.3400	0.0060
33.3600	0.0050
33.3800	0.0030
33.4000	0.0010
33.4200	-0.0000
33.4400	-0.0020
33.4600	-0.0040
33.4800	-0.0050
33.5000	-0.0060
33.5200	-0.0070
33.5400	-0.0080
33.5600	-0.0100
33.5800	-0.0110
33.6000	-0.0120
33.6200	-0.0130
33.6400	-0.0150
33.6600	-0.0150
33.6800	-0.0160
33.7000	-0.0160
33.7200	-0.0150
33.7400	-0.0160
33.7600	-0.0160
33.7800	-0.0160
33.8000	-0.0160
33.8200	-0.0160
33.8400	-0.0170
33.8600	-0.0160
33.8800	-0.0150
33.9000	-0.0140
33.9200	-0.0120
33.9400	-0.0110
33.9600	-0.0110
33.9800	-0.0100
34.0000	-0.0090
34.0200	-0.0070
34.0400	-0.0060
34.0600	-0.0050
34.0800	-0.0030
34.1000	-0.0010
34.1200	0.0010
34.1400	0.0020
34.1600	0.0030
34.1800	0.0040
34.2000	0.0060
34.2200	0.0070
34.2400	0.0080
34.2600	0.0100
34.2800	0.0110
34.3000	0.0120
34.3200	0.0130
34.3400	0.0140
34.3600	0.0140
34.3800	0.0150
34.4000	0.0160
34.4200	0.0160
34.4400	0.0160
34.4600	0.0160
34.4800	0.0170
34.5000	0.0170
34.5200	0.0160
34.5400	0.0150
34.5600	0.0150
34.5800	0.0150
34.6000	0.0140
34.6200	0.0130
34.6400	0.0120
34.6600	0.0100
34.6800	0.0100
34.7000	0.0090
34.7200	0.0080
34.7400	0.0070
34.7600	0.0050
34.7800	0.0040
34.8000	0.0020
34.8200	0.0000
34.8400	-0.0010
34.8600	-0.0030
34.8800	-0.0030
34.9000	-0.0040
34.9200	-0.0050
34.9400	-0.0060
34.9600	-0.0080
34.9800	-0.0090
35.0000	-0.0100
35.0200	-0.0110
35.0400	-0.0130
35.0600	-0.0130
35.0800	-0.0130
35.1000	-0.0140
35.1200	-0.0140
35.1400	-0.0140
35.1600	-0.0140
35.1800	-0.0150
35.2000	-0.0150
35.2200	-0.0150
35.2400	-0.0150
35.2600	-0.0140
35.2800	-0.0140
35.3000	-0.0130
35.3200	-0.0110
35.3400	-0.0110
35.3600	-0.0100
35.3800	-0.0090
35.4000	-0.0080
35.4200	-0.0070
35.4400	-0.0070
35.4600	-0.0050
35.4800	-0.0040
35.5000	-0.0020
35.5200	-0.0010
35.5400	0.0010
35.5600	0.0020
35.5800	0.0030
35.6000	0.0040
35.6200	0.0060
35.6400	0.0060
35.6600	0.0070
35.6800	0.0090
35.7000	0.0100
35.7200	0.0110
35.7400	0.0120
35.7600	0.0120
35.7800	0.0130
35.8000	0.0130
35.8200	0.0140
35.8400	0.0150
35.8600	0.0150
35.8800	0.0150
35.9000	0.0150
35.9200	0.0140
35.9400	0.0140
35.9600	0.0140
35.9800	0.0130
36.0000	0.0130
36.0200	0.0120
36.0400	0.0110
36.0600	0.0100
36.0800	0.0100
36.1000	0.0090
36.1200	0.0080
36.1400	0.0070
36.1600	0.0050
36.1800	0.0040
36.2000	0.0030
36.2200	0.0020
36.2400	-0.0010
36.2600	-0.0020
36.2800	-0.0020
36.3000	-0.0030
36.3200	-0.0040
36.3400	-0.0050
36.3600	-0.0070
36.3800	-0.0080
36.4000	-0.0090
36.4200	-0.0090
36.4400	-0.0100
36.4600	-0.0110
36.4800	-0.0110
36.5000	-0.0120
36.5200	-0.0120
36.5400	-0.0120
36.5600	-0.0130
36.5800	-0.0130
36.6000	-0.0130
36.6200	-0.0130
36.6400	-0.0130
36.6600	-0.0130
36.6800	-0.0120
36.7000	-0.0120
36.7200	-0.0100
36.7400	-0.0100
36.7600	-0.0090
36.7800	-0.0080
36.8000	-0.0080
36.8200	-0.0070
36.8400	-0.0070
36.8600	-0.0050
36.8800	-0.0040
36.9000	-0.0030
36.9200	-0.0010
36.9400	0.0000
36.9600	0.0000
36.9800	0.0020
37.0000	0.0030
37.0200	0.0040
37.0400	0.0050
37.0600	0.0060
37.0800	0.0080
37.1000	0.0090
37.1200	0.0090
37.1400	0.0100
37.1600	0.0100
37.1800	0.0110
37.2000	0.0120
37.2200	0.0120
37.2400	0.0120
37.2600	0.0120
37.2800	0.0130
37.3000	0.0130
37.3200	0.0130
37.3400	0.0130
37.3600	0.0130
37.3800	0.0120
37.4000	0.0110
37.4200	0.0120
37.4400	0.0100
37.4600	0.0100
37.4800	0.0090
37.5000	0.0080
37.5200	0.0080
37.5400	0.0060
37.5600	0.0050
37.5800	0.0040
37.6000	0.0030
37.6200	0.0020
37.6400	0.0010
37.6600	-0.0000
37.6800	-0.0010
37.7000	-0.0020
37.7200	-0.0030
37.7400	-0.0040
37.7600	-0.0050
37.7800	-0.0060
37.8000	-0.0070
37.8200	-0.0080
37.8400	-0.0090
37.8600	-0.0090
37.8800	-0.0100
37.9000	-0.0110
37.9200	-0.0100
37.9400	-0.0100
37.9600	-0.0110
37.9800	-0.0120
38.0000	-0.0120
38.0200	-0.0120
38.0400	-0.0120
38.0600	-0.0120
38.0800	-0.0110
38.1000	-0.0110
38.1200	-0.0090
38.1400	-0.0090
38.1600	-0.0090
38.1800	-0.0080
38.2000	-0.0070
38.2200	-0.0070
38.2400	-0.0070
38.2600	-0.0060
38.2800	-0.0040
38.3000	-0.0030
38.3200	-0.0010
38.3400	-0.0000
38.3600	-0.0000
38.3800	0.0010
38.4000	0.0020
38.4200	0.0030
38.4400	0.0030
38.4600	0.0050
38.4800	0.0060
38.5000	0.0070
38.5200	0.0080
38.5400	0.0090
38.5600	0.0090
38.5800	0.0090
38.6000	0.0100
38.6200	0.0110
38.6400	0.0110
38.6600	0.0110
38.6800	0.0120
38.7000	0.0120
38.7200	0.0110
38.7400	0.0110
38.7600	0.0110
38.7800	0.0110
38.8000	0.0110
38.8200	0.0110
38.8400	0.0090
38.8600	0.0090
38.8800	0.0090
38.9000	0.0080
38.9200	0.0070
38.9400	0.0060
38.9600	0.0050
38.9800	0.0040
39.0000	0.0030
39.0200	0.0030
39.0400	0.0020
39.0600	0.0000
39.0800	-0.0000
39.1000	-0.0020
39.1200	-0.0020
39.1400	-0.0030
39.1600	-0.0040
39.1800	-0.0050
39.2000	-0.0060
39.2200	-0.0070
39.2400	-0.0080
39.2600	-0.0080
39.2800	-0.0080
39.3000	-0.0090
39.3200	-0.0090
39.3400	-0.0090
39.3600	-0.0100
39.3800	-0.0100
39.4000	-0.0100
39.4200	-0.0100
39.4400	-0.0110
39.4600	-0.0110
39.4800	-0.0100
39.5000	-0.0100
39.5200	-0.0090
39.5400	-0.0080
39.5600	-0.0080
39.5800	-0.0080
39.6000	-0.0070
39.6200	-0.0060
39.6400	-0.0060
39.6600	-0.0060
39.6800	-0.0040
39.7000	-0.0030
39.7200	-0.0020
39.7400	-0.0020
39.7600	-0.0010
39.7800	0.0000
39.8000	0.0010
39.8200	0.0020
39.8400	0.0030
39.8600	0.0040
39.8800	0.0050
39.9000	0.0060
39.9200	0.0060
39.9400	0.0070
39.9600	0.0070
39.9800	0.0080
40.0000	0.0090
40.0200	0.0090
40.0400	0.0090
40.0600	0.0100
40.0800	0.0100
40.1000	0.0110
40.1200	0.0100
40.1400	0.0100
40.1600	0.0100
40.1800	0.0100
40.2000	0.0100
40.2200	0.0100
40.2400	0.0080
40.2600	0.0080
40.2800	0.0080
40.3000	0.0080
40.3200	0.0070
40.3400	0.0060
40.3600	0.0050
40.3800	0.0050
40.4000	0.0040
40.4200	0.0030
40.4400	0.0020
40.4600	0.0010
40.4800	0.0000
40.5000	-0.0010
40.5200	-0.0010
40.5400	-0.0020
40.5600	-0.0030
40.5800	-0.0040
40.6000	-0.0040
40.6200	-0.0050
40.6400	-0.0070
40.6600	-0.0070
40.6800	-0.0080
40.7000	-0.0080
40.7200	-0.0070
40.7400	-0.0080
40.7600	-0.0090
40.7800	-0.0090
40.8000	-0.0090
40.8200	-0.0090
40.8400	-0.0090
40.8600	-0.0090
40.8800	-0.0090
40.9000	-0.0090
40.9200	-0.0080
40.9400	-0.0070
40.9600	-0.0080
40.9800	-0.0070
41.0000	-0.0070
41.0200	-0.0070
41.0400	-0.0060
41.0600	-0.0060
41.0800	-0.0040
41.1000	-0.0030
41.1200	-0.0020
41.1400	-0.0010
41.1600	-0.0010
41.1800	-0.0000
41.2000	0.0010
41.2200	0.0010
41.2400	0.0020
41.2600	0.0020
41.2800	0.0040
41.3000	0.0050
41.3200	0.0060
41.3400	0.0060
41.3600	0.0070
41.3800	0.0070
41.4000	0.0070
41.4200	0.0080
41.4400	0.0080
41.4600	0.0080
41.4800	0.0090
41.5000	0.0090
41.5200	0.0090
41.5400	0.0090
41.5600	0.0090
41.5800	0.0090
41.6000	0.0090
41.6200	0.0080
41.6400	0.0080
41.6600	0.0070
41.6800	0.0070
41.7000	0.0070
41.7200	0.0070
41.7400	0.0060
41.7600	0.0050
41.7800	0.0050
41.8000	0.0040
41.8200	0.0030
41.8400	0.0020
41.8600	0.0010
41.8800	0.0010
41.9000	0.0000
41.9200	0.0000
41.9400	-0.0010
41.9600	-0.0020
41.9800	-0.0030
42.0000	-0.0030
42.0200	-0.0040
42.0400	-0.0050
42.0600	-0.0060
42.0800	-0.0060
42.1000	-0.0060
42.1200	-0.0060
42.1400	-0.0060
42.1600	-0.0070
42.1800	-0.0080
42.2000	-0.0080
42.2200	-0.0080
42.2400	-0.0090
42.2600	-0.0090
42.2800	-0.0080
42.3000	-0.0080
42.3200	-0.0070
42.3400	-0.0070
42.3600	-0.0070
42.3800	-0.0070
42.4000	-0.0060
42.4200	-0.0060
42.4400	-0.0060
42.4600	-0.0050
42.4800	-0.0040
42.5000	-0.0040
42.5200	-0.0030
42.5400	-0.0020
42.5600	-0.0010
42.5800	-0.0010
42.6000	0.0000
42.6200	0.0000
42.6400	0.0010
42.6600	0.0020
42.6800	0.0030
42.7000	0.0030
42.7200	0.0040
42.7400	0.0050
42.7600	0.0050
42.7800	0.0060
42.8000	0.0070
42.8200	0.0070
42.8400	0.0070
42.8600	0.0070
42.8800	0.0080
42.9000	0.0080
42.9200	0.0080
42.9400	0.0080
42.9600	0.0080
42.9800	0.0080
43.0000	0.0080
43.0200	0.0080
43.0400	0.0070
43.0600	0.0070
43.0800	0.0070
43.1000	0.0070
43.1200	0.0060
43.1400	0.0060
43.1600	0.0050
43.1800	0.0040
43.2000	0.0040
43.2200	0.0030
43.2400	0.0020
43.2600	0.0010
43.2800	0.0010
43.3000	0.0000
43.3200	0.0010
43.3400	-0.0000
43.3600	-0.0020
43.3800	-0.0020
43.4000	-0.0030
43.4200	-0.0030
43.4400	-0.0050
43.4600	-0.0050
43.4800	-0.0050
43.5000	-0.0050
43.5200	-0.0050
43.5400	-0.0060
43.5600	-0.0060
43.5800	-0.0060
43.6000	-0.0070
43.6200	-0.0070
43.6400	-0.0080
43.6600	-0.0080
43.6800	-0.0070
43.7000	-0.0080
43.7200	-0.0060
43.7400	-0.0060
43.7600	-0.0060
43.7800	-0.0060
43.8000	-0.0060
43.8200	-0.0050
43.8400	-0.0060
43.8600	-0.0050
43.8800	-0.0040
43.9000	-0.0040
43.9200	-0.0020
43.9400	-0.0020
43.9600	-0.0010
43.9800	-0.0010
44.0000	-0.0000
44.0200	0.0000
44.0400	0.0010
44.0600	0.0010
44.0800	0.0020
44.1000	0.0030
44.1200	0.0040
44.1400	0.0040
44.1600	0.0040
44.1800	0.0050
44.2000	0.0050
44.2200	0.0060
44.2400	0.0050
44.2600	0.0060
44.2800	0.0070
44.3000	0.0070
44.3200	0.0070
44.3400	0.0070
44.3600	0.0070
44.3800	0.0070
44.4000	0.0070
44.4200	0.0070
44.4400	0.0060
44.4600	0.0060
44.4800	0.0060
44.5000	0.0060
44.5200	0.0060
44.5400	0.0050
44.5600	0.0050
44.5800	0.0040
44.6000	0.0040
44.6200	0.0030
44.6400	0.0020
44.6600	0.0010
44.6800	0.0020
44.7000	0.0010
44.7200	0.0010
44.7400	0.0000
44.7600	-0.0010
44.7800	-0.0010
44.8000	-0.0020
44.8200	-0.0020
44.8400	-0.0040
44.8600	-0.0040
44.8800	-0.0040
44.9000	-0.0050
44.9200	-0.0040
44.9400	-0.0040
44.9600	-0.0060
44.9800	-0.0060
45.0000	-0.0060
45.0200	-0.0060
45.0400	-0.0070
45.0600	-0.0070
45.0800	-0.0070
45.1000	-0.0060
45.1200	-0.0060
45.1400	-0.0050
45.1600	-0.0060
45.1800	-0.0060
45.2000	-0.0060
45.2200	-0.0050
45.2400	-0.0050
45.2600	-0.0050
45.2800	-0.0040
45.3000	-0.0030
45.3200	-0.0020
45.3400	-0.0010
45.3600	-0.0020
45.3800	-0.0010
45.4000	-0.0010
45.4200	-0.0000
45.4400	-0.0000
45.4600	-0.0000
45.4800	0.0010
45.5000	0.0020
45.5200	0.0030
45.5400	0.0030
45.5600	0.0030
45.5800	0.0040
45.6000	0.0050
45.6200	0.0050
45.6400	0.0050
45.6600	0.0050
45.6800	0.0060
45.7000	0.0060
45.7200	0.0060
45.7400	0.0060
45.7600	0.0060
45.7800	0.0070
45.8000	0.0060
45.8200	0.0060
45.8400	0.0050
45.8600	0.0050
45.8800	0.0060
45.9000	0.0060
45.9200	0.0050
45.9400	0.0050
45.9600	0.0050
45.9800	0.0040
46.0000	0.0040
46.0200	0.0030
46.0400	0.0020
46.0600	0.0020
46.0800	0.0020
46.1000	0.0020
46.1200	0.0010
46.1400	0.0000
46.1600	-0.0000
46.1800	-0.0010
46.2000	-0.0010
46.2200	-0.0020
46.2400	-0.0030
46.2600	-0.0030
46.2800	-0.0030
46.3000	-0.0040
46.3200	-0.0030
46.3400	-0.0040
46.3600	-0.0050
46.3800	-0.0050
46.4000	-0.0050
46.4200	-0.0050
46.4400	-0.0060
46.4600	-0.0060
46.4800	-0.0050
46.5000	-0.0060
46.5200	-0.0050
46.5400	-0.0050
46.5600	-0.0050
46.5800	-0.0050
46.6000	-0.0050
46.6200	-0.0050
46.6400	-0.0050
46.6600	-0.0050
46.6800	-0.0040
46.7000	-0.0030
46.7200	-0.0020
46.7400	-0.0020
46.7600	-0.0020
46.7800	-0.0010
46.8000	-0.0010
46.8200	-0.0010
46.8400	-0.0010
46.8600	-0.0000
46.8800	0.0010
46.9000	0.0010
46.9200	0.0030
46.9400	0.0030
46.9600	0.0030
46.9800	0.0030
47.0000	0.0040
47.0200	0.0050
47.0400	0.0040
47.0600	0.0040
47.0800	0.0050
47.1000	0.0060
47.1200	0.0060
47.1400	0.0060
47.1600	0.0060
47.1800	0.0060
47.2000	0.0060
47.2200	0.0060
47.2400	0.0050
47.2600	0.0050
47.2800	0.0050
47.3000	0.0050
47.3200	0.0050
47.3400	0.0050
47.3600	0.0050
47.3800	0.0040
47.4000	0.0040
47.4200	0.0030
47.4400	0.0020
47.4600	0.0010
47.4800	0.0020
47.5000	0.0010
47.5200	0.0020
47.5400	0.0010
47.5600	-0.0000
47.5800	-0.0000
47.6000	-0.0000
47.6200	-0.0010
47.6400	-0.0030
47.6600	-0.0030
47.6800	-0.0030
47.7000	-0.0030
47.7200	-0.0030
47.7400	-0.0030
47.7600	-0.0030
47.7800	-0.0040
47.8000	-0.0040
47.8200	-0.0050
47.8400	-0.0050
47.8600	-0.0060
47.8800	-0.0050
47.9000	-0.0050
47.9200	-0.0050
47.9400	-0.0040
47.9600	-0.0050
47.9800	-0.0050
48.0000	-0.0050
48.0200	-0.0040
48.0400	-0.0040
48.0600	-0.0040
48.0800	-0.0040
48.1000	-0.0030
48.1200	-0.0020
48.1400	-0.0020
48.1600	-0.0020
48.1800	-0.0020
48.2000	-0.0010
48.2200	0.0000
48.2400	-0.0010
48.2600	-0.0010
48.2800	0.0010
48.3000	0.0010
48.3200	0.0020
48.3400	0.0020
48.3600	0.0020
48.3800	0.0030
48.4000	0.0030
48.4200	0.0030
48.4400	0.0030
48.4600	0.0030
48.4800	0.0050
48.5000	0.0050
48.5200	0.0050
48.5400	0.0050
48.5600	0.0050
48.5800	0.0050
48.6000	0.0050
48.6200	0.0050
48.6400	0.0040
48.6600	0.0050
48.6800	0.0050
48.7000	0.0060
48.7200	0.0050
48.7400	0.0050
48.7600	0.0040
48.7800	0.0040
48.8000	0.0030
48.8200	0.0030
48.8400	0.0020
48.8600	0.0020
48.8800	0.0020
48.9000	0.0020
48.9200	0.0020
48.9400	0.0020
48.9600	0.0000
48.9800	-0.0000
49.0000	-0.0000
49.0200	-0.0010
49.0400	-0.0020
49.0600	-0.0020
49.0800	-0.0020
49.1000	-0.0020
49.1200	-0.0020
49.1400	-0.0020
49.1600	-0.0040
49.1800	-0.0040
49.2000	-0.0040
49.2200	-0.0040
49.2400	-0.0050
49.2600	-0.0050
49.2800	-0.0040
49.3000	-0.0040
49.3200	-0.0030
49.3400	-0.0040
49.3600	-0.0040
49.3800	-0.0040
49.4000	-0.0040
49.4200	-0.0040
49.4400	-0.0050
49.4600	-0.0040
49.4800	-0.0030
49.5000	-0.0030
49.5200	-0.0020
49.5400	-0.0020
49.5600	-0.0020
49.5800	-0.0020
49.6000	-0.0020
49.6200	-0.0010
49.6400	-0.0010
49.6600	-0.0000
49.6800	0.0000
49.7000	0.0010
49.7200	0.0020
49.7400	0.0020
49.7600	0.0020
49.7800	0.0020
49.8000	0.0020
49.8200	0.0030
49.8400	0.0020
49.8600	0.0030
49.8800	0.0040
49.9000	0.0040
49.9200	0.0040
49.9400	0.0050
49.9600	0.0040
49.9800	0.0050
50.0000	0.0050
50.0200	0.0040
50.0400	0.0040
50.0600	0.0040
50.0800	0.0050
50.1000	0.0050
50.1200	0.0050
50.1400	0.0040
50.1600	0.0040
50.1800	0.0030
50.2000	0.0030
50.2200	0.0030
50.2400	0.0020
50.2600	0.0020
50.2800	0.0020
50.3000	0.0020
50.3200	0.0020
50.3400	0.0010
50.3600	0.0010
50.3800	0.0000
50.4000	-0.0000
50.4200	-0.0010
50.4400	-0.0020
50.4600	-0.0020
50.4800	-0.0010
50.5000	-0.0020
50.5200	-0.0020
50.5400	-0.0020
50.5600	-0.0030
50.5800	-0.0030
50.6000	-0.0030
50.6200	-0.0040
50.6400	-0.0040
50.6600	-0.0040
50.6800	-0.0040
50.7000	-0.0040
50.7200	-0.0030
50.7400	-0.0030
50.7600	-0.0040
50.7800	-0.0040
50.8000	-0.0040
50.8200	-0.0030
50.8400	-0.0040
50.8600	-0.0040
50.8800	-0.0030
50.9000	-0.0030
50.9200	-0.0020
50.9400	-0.0020
50.9600	-0.0020
50.9800	-0.0020
51.0000	-0.0010
51.0200	-0.0010
51.0400	-0.0010
51.0600	-0.0010
51.0800	0.0000
51.1000	0.0010
51.1200	0.0020
51.1400	0.0010
51.1600	0.0020
51.1800	0.0020
51.2000	0.0020
51.2200	0.0020
51.2400	0.0020
51.2600	0.0020
51.2800	0.0040
51.3000	0.0030
51.3200	0.0040
51.3400	0.0040
51.3600	0.0040
51.3800	0.0040
51.4000	0.0040
51.4200	0.0040
51.4400	0.0030
51.4600	0.0030
51.4800	0.0040
51.5000	0.0040
51.5200	0.0040
51.5400	0.0040
51.5600	0.0040
51.5800	0.0030
51.6000	0.0030
51.6200	0.0030
51.6400	0.0020
51.6600	0.0020
51.6800	0.0020
51.7000	0.0020
51.7200	0.0020
51.7400	0.0020
51.7600	0.0010
51.7800	0.0000
51.8000	-0.0000
51.8200	-0.0000
51.8400	-0.0010
51.8600	-0.0010
51.8800	-0.0010
51.9000	-0.0010
51.9200	-0.0010
51.9400	-0.0010
51.9600	-0.0030
51.9800	-0.0020
52.0000	-0.0030
52.0200	-0.0030
52.0400	-0.0040
52.0600	-0.0040
52.0800	-0.0030
52.1000	-0.0040
52.1200	-0.0030
52.1400	-0.0030
52.1600	-0.0030
52.1800	-0.0030
52.2000	-0.0030
52.2200	-0.0030
52.2400	-0.0040
52.2600	-0.0030
52.2800	-0.0020
52.3000	-0.0030
52.3200	-0.0020
52.3400	-0.0020
52.3600	-0.0020
52.3800	-0.0020
52.4000	-0.0010
52.4200	-0.0010
52.4400	-0.0010
52.4600	-0.0010
52.4800	-0.0000
52.5000	0.0010
52.5200	0.0010
52.5400	0.0010
52.5600	0.0010
52.5800	0.0010
52.6000	0.0020
52.6200	0.0020
52.6400	0.0020
52.6600	0.0010
52.6800	0.0030
52.7000	0.0030
52.7200	0.0030
52.7400	0.0040
52.7600	0.0030
52.7800	0.0030
52.8000	0.0040
52.8200	0.0030
52.8400	0.0040
52.8600	0.0030
52.8800	0.0040
52.9000	0.0040
52.9200	0.0040
52.9400	0.0040
52.9600	0.0030
52.9800	0.0030
53.0000	0.0030
53.0200	0.0030
53.0400	0.0020
53.0600	0.0020
53.0800	0.0030
53.1000	0.0020
53.1200	0.0020
53.1400	0.0020
53.1600	0.0010
53.1800	0.0010
53.2000	0.0000
53.2200	-0.0000
53.2400	-0.0010
53.2600	-0.0010
53.2800	-0.0010
53.3000	-0.0010
53.3200	-0.0010
53.3400	-0.0010
53.3600	-0.0020
53.3800	-0.0020
53.4000	-0.0020
53.4200	-0.0030
53.4400	-0.0030
53.4600	-0.0030
53.4800	-0.0030
53.5000	-0.0030
53.5200	-0.0020
53.5400	-0.0030
53.5600	-0.0030
53.5800	-0.0030
53.6000	-0.0030
53.6200	-0.0030
53.6400	-0.0030
53.6600	-0.0030
53.6800	-0.0020
53.7000	-0.0020
53.7200	-0.0020
53.7400	-0.0010
53.7600	-0.0020
53.7800	-0.0020
53.8000	-0.0010
53.8200	-0.0010
53.8400	-0.0010
53.8600	-0.0010
53.8800	-0.0000
53.9000	0.0000
53.9200	0.0010
53.9400	0.0010
53.9600	0.0010
53.9800	0.0010
54.0000	0.0010
54.0200	0.0020
54.0400	0.0010
54.0600	0.0010
54.0800	0.0020
54.1000	0.0020
54.1200	0.0030
54.1400	0.0030
54.1600	0.0030
54.1800	0.0030
54.2000	0.0030
54.2200	0.0030
54.2400	0.0030
54.2600	0.0030
54.2800	0.0030
54.3000	0.0040
54.3200	0.0030
54.3400	0.0030
54.3600	0.0030
54.3800	0.0030
54.4000	0.0030
54.4200	0.0020
54.4400	0.0020
54.4600	0.0020
54.4800	0.0020
54.5000	0.0010
54.5200	0.0020
54.5400	0.0010
54.5600	0.0000
54.5800	0.0000
54.6000	0.0010
54.6200	0.0000
54.6400	-0.0010
54.6600	-0.0000
54.6800	-0.0000
54.7000	-0.0010
54.7200	-0.0010
54.7400	-0.0000
54.7600	-0.0010
54.7800	-0.0010
54.8000	-0.0020
54.8200	-0.0020
54.8400	-0.0030
54.8600	-0.0030
54.8800	-0.0030
54.9000	-0.0030
54.9200	-0.0020
54.9400	-0.0020
54.9600	-0.0030
54.9800	-0.0020
55.0000	-0.0030
55.0200	-0.0030
55.0400	-0.0030
55.0600	-0.0030
55.0800	-0.0020
55.1000	-0.0020
55.1200	-0.0020
55.1400	-0.0010
55.1600	-0.0020
55.1800	-0.0020
55.2000	-0.0010
55.2200	-0.0010
55.2400	-0.0010
55.2600	-0.0010
55.2800	-0.0000
55.3000	0.0000
55.3200	0.0010
55.3400	0.0010
55.3600	0.0000
55.3800	0.0010
55.4000	0.0020
55.4200	0.0020
55.4400	0.0010
55.4600	0.0010
55.4800	0.0020
55.5000	0.0020
55.5200	0.0030
55.5400	0.0030
55.5600	0.0020
55.5800	0.0030
55.6000	0.0030
55.6200	0.0030
55.6400	0.0020
55.6600	0.0020
55.6800	0.0030
55.7000	0.0030
55.7200	0.0030
55.7400	0.0030
55.7600	0.0030
55.7800	0.0030
55.8000	0.0020
55.8200	0.0030
55.8400	0.0020
55.8600	0.0020
55.8800	0.0020
55.9000	0.0020
55.9200	0.0020
55.9400	0.0020
55.9600	0.0010
55.9800	0.0010
56.0000	0.0010
56.0200	0.0010
56.0400	-0.0000
56.0600	-0.0010
56.0800	-0.0010
56.1000	-0.0010
56.1200	-0.0000
56.1400	-0.0010
56.1600	-0.0010
56.1800	-0.0020
56.2000	-0.0020
56.2200	-0.0020
56.2400	-0.0020
56.2600	-0.0020
56.2800	-0.0020
56.3000	-0.0020
56.3200	-0.0020
56.3400	-0.0020
56.3600	-0.0020
56.3800	-0.0020
56.4000	-0.0020
56.4200	-0.0030
56.4400	-0.0030
56.4600	-0.0030
56.4800	-0.0020
56.5000	-0.0020
56.5200	-0.0010
56.5400	-0.0010
56.5600	-0.0010
56.5800	-0.0010
56.6000	-0.0010
56.6200	-0.0010
56.6400	-0.0020
56.6600	-0.0010
56.6800	-0.0010
56.7000	-0.0000
56.7200	-0.0000
56.7400	0.0010
56.7600	0.0000
56.7800	0.0010
56.8000	0.0010
56.8200	0.0010
56.8400	0.0010
56.8600	0.0010
56.8800	0.0020
56.9000	0.0020
56.9200	0.0020
56.9400	0.0020
56.9600	0.0020
56.9800	0.0020
57.0000	0.0020
57.0200	0.0030
57.0400	0.0020
57.0600	0.0020
57.0800	0.0030
57.1000	0.0030
57.1200	0.0030
57.1400	0.0030
57.1600	0.0020
57.1800	0.0020
57.2000	0.0020
57.2200	0.0020
57.2400	0.0020
57.2600	0.0010
57.2800	0.0020
57.3000	0.0020
57.3200	0.0020
57.3400	0.0010
57.3600	0.0010
57.3800	0.0010
57.4000	0.0010
57.4200	0.0010
57.4400	-0.0000
57.4600	-0.0010
57.4800	-0.0000
57.5000	-0.0000
57.5200	0.0000
57.5400	-0.0000
57.5600	-0.0010
57.5800	-0.0010
57.6000	-0.0010
57.6200	-0.0010
57.6400	-0.0020
57.6600	-0.0020
57.6800	-0.0020
57.7000	-0.0020
57.7200	-0.0010
57.7400	-0.0010
57.7600	-0.0020
57.7800	-0.0020
57.8000	-0.0020
57.8200	-0.0020
57.8400	-0.0030
57.8600	-0.0020
57.8800	-0.0020
57.9000	-0.0020
57.9200	-0.0010
57.9400	-0.0010
57.9600	-0.0010
57.9800	-0.0010
58.0000	-0.0010
58.0200	-0.0010
58.0400	-0.0010
58.0600	-0.0010
58.0800	-0.0010
58.1000	0.0000
58.1200	0.0010
58.1400	0.0010
58.1600	0.0000
58.1800	0.0010
58.2000	0.0000
58.2200	0.0010
58.2400	0.0010
58.2600	0.0010
58.2800	0.0010
58.3000	0.0020
58.3200	0.0020
58.3400	0.0020
58.3600	0.0010
58.3800	0.0020
58.4000	0.0020
58.4200	0.0020
58.4400	0.0020
58.4600	0.0010
58.4800	0.0020
58.5000	0.0020
58.5200	0.0020
58.5400	0.0030
58.5600	0.0020
58.5800	0.0020
58.6000	0.0020
58.6200	0.0020
58.6400	0.0010
58.6600	0.0010
58.6800	0.0020
58.7000	0.0020
58.7200	0.0020
58.7400	0.0020
58.7600	0.0010
58.7800	0.0010
58.8000	0.0010
58.8200	0.0010
58.8400	0.0000
58.8600	-0.0010
58.8800	0.0000
58.9000	-0.0000
58.9200	0.0000
58.9400	-0.0000
58.9600	-0.0010
58.9800	-0.0010
59.0000	-0.0010
59.0200	-0.0010
59.0400	-0.0020
59.0600	-0.0020
59.0800	-0.0010
59.1000	-0.0020
59.1200	-0.0020
59.1400	-0.0010
59.1600	-0.0020
59.1800	-0.0020
59.2000	-0.0020
59.2200	-0.0020
59.2400	-0.0020
59.2600	-0.0020
59.2800	-0.0020
59.3000	-0.0010
59.3200	-0.0010
59.3400	-0.0010
59.3600	-0.0020
59.3800	-0.0010
59.4000	-0.0010
59.4200	-0.0010
59.4400	-0.0010
59.4600	-0.0010
59.4800	-0.0010
59.5000	-0.0000
59.5200	0.0000
59.5400	0.0000
59.5600	0.0000
59.5800	0.0000
59.6000	0.0010
59.6200	0.0010
59.6400	0.0000
59.6600	0.0000
59.6800	0.0010
59.7000	0.0010
59.7200	0.0020
59.7400	0.0020
59.7600	0.0020
59.7800	0.0010
59.8000	0.0020
59.8200	0.0010
59.8400	0.0010
59.8600	0.0020
59.8800	0.0020
59.9000	0.0020
59.9200	0.0030
59.9400	0.0020
59.9600	0.0020
59.9800	0.0020
60.0000	0.0020
60.0200	0.0020
60.0400	0.0010
60.0600	0.0010
60.0800	0.0010
60.1000	0.0010
60.1200	0.0020
60.1400	0.0020
60.1600	0.0010
60.1800	0.0010
60.2000	0.0010
60.2200	0.0010
60.2400	0.0000
60.2600	-0.0010
60.2800	0.0000
60.3000	0.0000
60.3200	0.0000
60.3400	0.0000
60.3600	-0.0000
60.3800	-0.0010
60.4000	-0.0000
60.4200	-0.0010
60.4400	-0.0020
60.4600	-0.0020
60.4800	-0.0010
60.5000	-0.0020
60.5200	-0.0010
60.5400	-0.0010
60.5600	-0.0010
60.5800	-0.0010
60.6000	-0.0020
60.6200	-0.0010
60.6400	-0.0020
60.6600	-0.0020
60.6800	-0.0010
60.7000	-0.0010
60.7200	-0.0010
60.7400	-0.0010
60.7600	-0.0010
60.7800	-0.0010
60.8000	-0.0010
60.8200	-0.0010
60.8400	-0.0010
60.8600	-0.0010
60.8800	-0.0010
60.9000	-0.0000
60.9200	0.0000
60.9400	0.0000
60.9600	0.0000
60.9800	0.0000
61.0000	0.0010
61.0200	0.0000
61.0400	0.0000
61.0600	0.0000
61.0800	0.0010
61.1000	0.0010
61.1200	0.0020
61.1400	0.0020
61.1600	0.0020
61.1800	0.0010
61.2000	0.0020
61.2200	0.0020
61.2400	0.0010
61.2600	0.0010
61.2800	0.0020
61.3000	0.0020
61.3200	0.0030
61.3400	0.0020
61.3600	0.0020
61.3800	0.0020
61.4000	0.0020
61.4200	0.0010
61.4400	0.0010
61.4600	0.0010
61.4800	0.0020
61.5000	0.0020
61.5200	0.0020
61.5400	0.0020
61.5600	0.0010
61.5800	0.0010
61.6000	0.0010
61.6200	0.0000
61.6400	-0.0000
61.6600	-0.0000
61.6800	0.0000
61.7000	0.0000
61.7200	0.0010
61.7400	0.0000
61.7600	-0.0000
61.7800	-0.0000
61.8000	-0.0010
61.8200	-0.0010
61.8400	-0.0010
61.8600	-0.0010
61.8800	-0.0010
61.9000	-0.0000
61.9200	-0.0010
61.9400	-0.0010
61.9600	-0.0020
61.9800	-0.0010
62.0000	-0.0010
62.0200	-0.0010
62.0400	-0.0020
62.0600	-0.0020
62.0800	-0.0010
62.1000	-0.0010
62.1200	-0.0010
62.1400	-0.0010
62.1600	-0.0010
62.1800	-0.0010
62.2000	-0.0010
62.2200	-0.0010
62.2400	-0.0010
62.2600	-0.0010
62.2800	-0.0000
62.3000	-0.0000
62.3200	0.0000
62.3400	-0.0000
62.3600	0.0000
62.3800	0.0000
62.4000	0.0000
62.4200	0.0000
62.4400	0.0000
62.4600	0.0000
62.4800	0.0010
62.5000	0.0010
62.5200	0.0010
62.5400	0.0010
62.5600	0.0020
62.5800	0.0010
62.6000	0.0010
62.6200	0.0010
62.6400	0.0010
62.6600	0.0020
62.6800	0.0020
62.7000	0.0020
62.7200	0.0020
62.7400	0.0020
62.7600	0.0020
62.7800	0.0020
62.8000	0.0020
62.8200	0.0010
62.8400	0.0010
62.8600	0.0010
62.8800	0.0020
62.9000	0.0010
62.9200	0.0020
62.9400	0.0020
62.9600	0.0010
62.9800	0.0010
63.0000	0.0010
63.0200	0.0000
63.0400	-0.0010
63.0600	-0.0000
63.0800	0.0000
63.1000	0.0000
63.1200	0.0010
63.1400	0.0010
63.1600	-0.0000
63.1800	-0.0000
63.2000	-0.0010
63.2200	-0.0000
63.2400	-0.0010
63.2600	-0.0010
63.2800	-0.0010
63.3000	-0.0010
63.3200	0.0000
63.3400	-0.0010
63.3600	-0.0010
63.3800	-0.0010
63.4000	-0.0010
63.4200	-0.0010
63.4400	-0.0020
63.4600	-0.0020
63.4800	-0.0010
63.5000	-0.0010
63.5200	-0.0010
63.5400	-0.0010
63.5600	-0.0010
63.5800	-0.0010
63.6000	-0.0010
63.6200	-0.0010
63.6400	-0.0020
63.6600	-0.0010
63.6800	-0.0010
63.7000	0.0000
63.7200	0.0010
63.7400	0.0000
63.7600	0.0010
63.7800	-0.0000
63.8000	0.0000
63.8200	0.0000
63.8400	0.0000
63.8600	0.0000
63.8800	0.0010
63.9000	0.0010
63.9200	0.0010
63.9400	0.0020
63.9600	0.0010
63.9800	0.0010
64.0000	0.0010
64.0200	0.0010
64.0400	0.0010
64.0600	0.0010
64.0800	0.0020
64.1000	0.0020
64.1200	0.0020
64.1400	0.0020
64.1600	0.0020
64.1800	0.0010
64.2000	0.0020
64.2200	0.0020
64.2400	0.0010
64.2600	0.0010
64.2800	0.0020
64.3000	0.0010
64.3200	0.0020
64.3400	0.0020
64.3600	0.0010
64.3800	0.0010
64.4000	0.0010
64.4200	0.0010
64.4400	0.0000
64.4600	-0.0000
64.4800	0.0010
64.5000	0.0010
64.5200	0.0010
64.5400	0.0010
64.5600	-0.0000
64.5800	-0.0010
64.6000	-0.0000
64.6200	-0.0000
64.6400	-0.0010
64.6600	-0.0010
64.6800	-0.0000
64.7000	-0.0010
64.7200	-0.0000
64.7400	-0.0000
64.7600	-0.0010
64.7800	-0.0010
64.8000	-0.0010
64.8200	-0.0010
64.8400	-0.0010
64.8600	-0.0020
64.8800	-0.0010
64.9000	-0.0010
64.9200	-0.0000
64.9400	-0.0000
64.9600	-0.0010
64.9800	-0.0010
65.0000	-0.0010
65.0200	-0.0010
65.0400	-0.0010
65.0600	-0.0010
65.0800	-0.0010
65.1000	-0.0010
65.1200	0.0000
65.1400	0.0010
65.1600	0.0000
65.1800	0.0000
65.2000	0.0000
65.2200	0.0000
65.2400	-0.0000
65.2600	-0.0000
65.2800	0.0010
65.3000	0.0010
65.3200	0.0010
65.3400	0.0010
65.3600	0.0010
65.3800	0.0010
65.4000	0.0010
65.4200	0.0010
65.4400	0.0000
65.4600	0.0010
65.4800	0.0010
65.5000	0.0020
65.5200	0.0020
65.5400	0.0020
65.5600	0.0020
65.5800	0.0010
65.6000	0.0010
65.6200	0.0010
65.6400	0.0010
65.6600	0.0010
65.6800	0.0010
65.7000	0.0010
65.7200	0.0010
65.7400	0.0010
65.7600	0.0010
65.7800	0.0010
65.8000	0.0010
65.8200	0.0010
65.8400	-0.0000
65.8600	0.0000
65.8800	0.0010
65.9000	0.0000
65.9200	0.0010
65.9400	0.0010
65.9600	0.0000
65.9800	0.0000
66.0000	-0.0000
66.0200	-0.0000
66.0400	-0.0010
66.0600	-0.0010
66.0800	-0.0010
66.1000	-0.0010
66.1200	-0.0000
66.1400	-0.0000
66.1600	-0.0010
66.1800	-0.0010
66.2000	-0.0010
66.2200	-0.0010
66.2400	-0.0010
66.2600	-0.0020
66.2800	-0.0010
66.3000	-0.0010
66.3200	-0.0000
66.3400	-0.0000
66.3600	-0.0010
66.3800	-0.0010
66.4000	-0.0010
66.4200	-0.0000
66.4400	-0.0010
66.4600	-0.0010
66.4800	-0.0000
66.5000	-0.0000
66.5200	0.0000
66.5400	-0.0000
66.5600	-0.0000
66.5800	0.0000
66.6000	0.0000
66.6200	0.0000
66.6400	-0.0000
66.6600	0.0000
66.6800	0.0000
66.7000	0.0010
66.7200	0.0010
66.7400	0.0010
66.7600	0.0010
66.7800	0.0010
66.8000	0.0010
66.8200	0.0010
66.8400	0.0000
66.8600	0.0010
66.8800	0.0010
66.9000	0.0010
66.9200	0.0020
66.9400	0.0020
66.9600	0.0020
66.9800	0.0010
67.0000	0.0010
67.0200	0.0010
67.0400	0.0010
67.0600	0.0010
67.0800	0.0010
67.1000	0.0010
67.1200	0.0020
67.1400	0.0020
67.1600	0.0000
67.1800	0.0010
67.2000	0.0010
67.2200	0.0010
67.2400	0.0000
67.2600	0.0000
67.2800	0.0000
67.3000	0.0000
67.3200	0.0010
67.3400	0.0010
67.3600	0.0000
67.3800	-0.0000
67.4000	-0.0000
67.4200	-0.0000
67.4400	-0.0010
67.4600	-0.0010
67.4800	-0.0000
67.5000	-0.0000
67.5200	-0.0000
67.5400	0.0000
67.5600	-0.0010
67.5800	-0.0000
67.6000	-0.0010
67.6200	-0.0000
67.6400	-0.0010
67.6600	-0.0010
67.6800	-0.0000
67.7000	-0.0010
67.7200	0.0000
67.7400	-0.0000
67.7600	-0.0010
67.7800	-0.0010
67.8000	-0.0010
67.8200	-0.0010
67.8400	-0.0010
67.8600	-0.0010
67.8800	-0.0010
67.9000	-0.0000
67.9200	0.0000
67.9400	0.0000
67.9600	0.0000
67.9800	-0.0000
68.0000	0.0000
68.0200	0.0000
68.0400	-0.0010
68.0600	-0.0000
68.0800	0.0000
68.1000	0.0010
68.1200	0.0010
68.1400	0.0010
68.1600	0.0010
68.1800	0.0000
68.2000	0.0010
68.2200	0.0010
68.2400	0.0000
68.2600	0.0000
68.2800	0.0010
68.3000	0.0010
68.3200	0.0020
68.3400	0.0020
68.3600	0.0010
68.3800	0.0010
68.4000	0.0010
68.4200	0.0010
68.4400	0.0010
68.4600	0.0010
68.4800	0.0010
68.5000	0.0010
68.5200	0.0010
68.5400	0.0010
68.5600	0.0010
68.5800	0.0010
68.6000	0.0010
68.6200	0.0010
68.6400	0.0000
68.6600	0.0000
68.6800	0.0000
68.7000	0.0010
68.7200	0.0010
68.7400	0.0000
68.7600	0.0000
68.7800	-0.0000
68.8000	0.0000
68.8200	-0.0000
68.8400	-0.0010
68.8600	-0.0000
68.8800	-0.0000
68.9000	-0.0000
68.9200	0.0000
68.9400	0.0010
68.9600	-0.0000
68.9800	-0.0000
69.0000	-0.0010
69.0200	-0.0000
69.0400	-0.0010
69.0600	-0.0010
69.0800	-0.0000
69.1000	-0.0000
69.1200	-0.0000
69.1400	-0.0000
69.1600	-0.0010
69.1800	-0.0010
69.2000	-0.0000
69.2200	-0.0010
69.2400	-0.0010
69.2600	-0.0010
69.2800	-0.0000
69.3000	-0.0000
69.3200	0.0000
69.3400	0.0010
69.3600	-0.0010
69.3800	-0.0000
69.4000	0.0010
69.4200	0.0000
69.4400	-0.0010
69.4600	-0.0000
69.4800	0.0000
69.5000	0.0000
69.5200	0.0010
69.5400	0.0010
69.5600	0.0010
69.5800	0.0000
69.6000	0.0010
69.6200	0.0010
69.6400	0.0000
69.6600	0.0010
69.6800	0.0010
69.7000	0.0010
69.7200	0.0010
69.7400	0.0010
69.7600	0.0010
69.7800	0.0010
69.8000	0.0010
69.8200	0.0010
69.8400	0.0010
69.8600	0.0000
69.8800	0.0010
69.9000	0.0010
69.9200	0.0010
69.9400	0.0010
69.9600	0.0010
69.9800	0.0010
70.0000	0.0010
70.0200	0.0010
70.0400	-0.0000
70.0600	0.0000
70.0800	0.0000
70.1000	0.0000
70.1200	0.0010
70.1400	0.0010
70.1600	0.0010
70.1800	0.0000
70.2000	-0.0000
70.2200	0.0000
70.2400	-0.0000
70.2600	-0.0010
70.2800	-0.0000
70.3000	0.0000
70.3200	0.0000
70.3400	0.0000
70.3600	0.0000
