LDM 42E measurement:
Do, 4. Mai 2017
10:00:03
0.0200	0.0010
0.0400	0.0010
0.0600	0.0740
0.0800	0.0740
0.1000	0.0740
0.1200	0.0740
0.1400	0.0740
0.1600	0.0740
0.1800	0.0740
0.2000	0.0740
0.2200	0.0730
0.2400	0.0720
0.2600	0.0710
0.2800	0.0680
0.3000	0.0650
0.3200	0.0620
0.3400	0.0580
0.3600	0.0540
0.3800	0.0500
0.4000	0.0450
0.4200	0.0390
0.4400	0.0340
0.4600	0.0290
0.4800	0.0230
0.5000	0.0160
0.5200	0.0100
0.5400	0.0040
0.5600	-0.0030
0.5800	-0.0090
0.6000	-0.0150
0.6200	-0.0220
0.6400	-0.0270
0.6600	-0.0320
0.6800	-0.0380
0.7000	-0.0430
0.7200	-0.0470
0.7400	-0.0510
0.7600	-0.0550
0.7800	-0.0590
0.8000	-0.0610
0.8200	-0.0640
0.8400	-0.0660
0.8600	-0.0660
0.8800	-0.0670
0.9000	-0.0680
0.9200	-0.0670
0.9400	-0.0670
0.9600	-0.0650
0.9800	-0.0630
1.0000	-0.0600
1.0200	-0.0580
1.0400	-0.0550
1.0600	-0.0510
1.0800	-0.0470
1.1000	-0.0420
1.1200	-0.0370
1.1400	-0.0320
1.1600	-0.0260
1.1800	-0.0210
1.2000	-0.0160
1.2200	-0.0110
1.2400	-0.0040
1.2600	0.0010
1.2800	0.0080
1.3000	0.0140
1.3200	0.0190
1.3400	0.0250
1.3600	0.0300
1.3800	0.0360
1.4000	0.0410
1.4200	0.0440
1.4400	0.0480
1.4600	0.0520
1.4800	0.0560
1.5000	0.0580
1.5200	0.0610
1.5400	0.0630
1.5600	0.0640
1.5800	0.0650
1.6000	0.0660
1.6200	0.0650
1.6400	0.0640
1.6600	0.0630
1.6800	0.0620
1.7000	0.0600
1.7200	0.0570
1.7400	0.0540
1.7600	0.0510
1.7800	0.0470
1.8000	0.0430
1.8200	0.0380
1.8400	0.0330
1.8600	0.0290
1.8800	0.0240
1.9000	0.0180
1.9200	0.0120
1.9400	0.0070
1.9600	0.0010
1.9800	-0.0050
2.0000	-0.0100
2.0200	-0.0160
2.0400	-0.0200
2.0600	-0.0260
2.0800	-0.0300
2.1000	-0.0340
2.1200	-0.0390
2.1400	-0.0430
2.1600	-0.0460
2.1800	-0.0500
2.2000	-0.0520
2.2200	-0.0550
2.2400	-0.0580
2.2600	-0.0580
2.2800	-0.0590
2.3000	-0.0600
2.3200	-0.0600
2.3400	-0.0600
2.3600	-0.0580
2.3800	-0.0570
2.4000	-0.0550
2.4200	-0.0530
2.4400	-0.0500
2.4600	-0.0470
2.4800	-0.0450
2.5000	-0.0400
2.5200	-0.0360
2.5400	-0.0310
2.5600	-0.0270
2.5800	-0.0220
2.6000	-0.0180
2.6200	-0.0130
2.6400	-0.0080
2.6600	-0.0020
2.6800	0.0030
2.7000	0.0090
2.7200	0.0140
2.7400	0.0190
2.7600	0.0230
2.7800	0.0290
2.8000	0.0330
2.8200	0.0360
2.8400	0.0400
2.8600	0.0440
2.8800	0.0470
2.9000	0.0500
2.9200	0.0530
2.9400	0.0550
2.9600	0.0560
2.9800	0.0570
3.0000	0.0580
3.0200	0.0570
3.0400	0.0570
3.0600	0.0570
3.0800	0.0560
3.1000	0.0540
3.1200	0.0520
3.1400	0.0500
3.1600	0.0470
3.1800	0.0440
3.2000	0.0410
3.2200	0.0360
3.2400	0.0320
3.2600	0.0280
3.2800	0.0240
3.3000	0.0190
3.3200	0.0140
3.3400	0.0090
3.3600	0.0050
3.3800	-0.0010
3.4000	-0.0050
3.4200	-0.0100
3.4400	-0.0150
3.4600	-0.0190
3.4800	-0.0240
3.5000	-0.0270
3.5200	-0.0310
3.5400	-0.0350
3.5600	-0.0380
3.5800	-0.0420
3.6000	-0.0450
3.6200	-0.0470
3.6400	-0.0500
3.6600	-0.0510
3.6800	-0.0520
3.7000	-0.0530
3.7200	-0.0530
3.7400	-0.0530
3.7600	-0.0520
3.7800	-0.0520
3.8000	-0.0500
3.8200	-0.0480
3.8400	-0.0460
3.8600	-0.0440
3.8800	-0.0420
3.9000	-0.0380
3.9200	-0.0340
3.9400	-0.0300
3.9600	-0.0270
3.9800	-0.0230
4.0000	-0.0180
4.0200	-0.0140
4.0400	-0.0100
4.0600	-0.0050
4.0800	0.0000
4.1000	0.0050
4.1200	0.0090
4.1400	0.0140
4.1600	0.0180
4.1800	0.0220
4.2000	0.0270
4.2200	0.0300
4.2400	0.0340
4.2600	0.0370
4.2800	0.0400
4.3000	0.0430
4.3200	0.0450
4.3400	0.0470
4.3600	0.0490
4.3800	0.0500
4.4000	0.0510
4.4200	0.0510
4.4400	0.0510
4.4600	0.0510
4.4800	0.0500
4.5000	0.0490
4.5200	0.0470
4.5400	0.0460
4.5600	0.0440
4.5800	0.0410
4.6000	0.0380
4.6200	0.0350
4.6400	0.0310
4.6600	0.0280
4.6800	0.0240
4.7000	0.0190
4.7200	0.0160
4.7400	0.0120
4.7600	0.0070
4.7800	0.0030
4.8000	-0.0020
4.8200	-0.0060
4.8400	-0.0110
4.8600	-0.0150
4.8800	-0.0190
4.9000	-0.0220
4.9200	-0.0250
4.9400	-0.0290
4.9600	-0.0320
4.9800	-0.0350
5.0000	-0.0370
5.0200	-0.0410
5.0400	-0.0430
5.0600	-0.0440
5.0800	-0.0450
5.1000	-0.0460
5.1200	-0.0470
5.1400	-0.0460
5.1600	-0.0470
5.1800	-0.0460
5.2000	-0.0450
5.2200	-0.0440
5.2400	-0.0420
5.2600	-0.0410
5.2800	-0.0380
5.3000	-0.0350
5.3200	-0.0320
5.3400	-0.0290
5.3600	-0.0260
5.3800	-0.0220
5.4000	-0.0190
5.4200	-0.0150
5.4400	-0.0120
5.4600	-0.0070
5.4800	-0.0030
5.5000	0.0010
5.5200	0.0050
5.5400	0.0090
5.5600	0.0130
5.5800	0.0180
5.6000	0.0210
5.6200	0.0240
5.6400	0.0280
5.6600	0.0310
5.6800	0.0340
5.7000	0.0360
5.7200	0.0380
5.7400	0.0410
5.7600	0.0430
5.7800	0.0440
5.8000	0.0450
5.8200	0.0450
5.8400	0.0450
5.8600	0.0460
5.8800	0.0460
5.9000	0.0440
5.9200	0.0430
5.9400	0.0420
5.9600	0.0400
5.9800	0.0380
6.0000	0.0360
6.0200	0.0330
6.0400	0.0300
6.0600	0.0280
6.0800	0.0240
6.1000	0.0200
6.1200	0.0160
6.1400	0.0130
6.1600	0.0090
6.1800	0.0050
6.2000	0.0010
6.2200	-0.0030
6.2400	-0.0070
6.2600	-0.0110
6.2800	-0.0140
6.3000	-0.0170
6.3200	-0.0200
6.3400	-0.0230
6.3600	-0.0270
6.3800	-0.0290
6.4000	-0.0320
6.4200	-0.0350
6.4400	-0.0370
6.4600	-0.0390
6.4800	-0.0400
6.5000	-0.0400
6.5200	-0.0410
6.5400	-0.0410
6.5600	-0.0410
6.5800	-0.0410
6.6000	-0.0400
6.6200	-0.0400
6.6400	-0.0390
6.6600	-0.0370
6.6800	-0.0350
6.7000	-0.0320
6.7200	-0.0300
6.7400	-0.0270
6.7600	-0.0240
6.7800	-0.0220
6.8000	-0.0190
6.8200	-0.0160
6.8400	-0.0130
6.8600	-0.0090
6.8800	-0.0050
6.9000	-0.0010
6.9200	0.0030
6.9400	0.0060
6.9600	0.0100
6.9800	0.0130
7.0000	0.0170
7.0200	0.0200
7.0400	0.0220
7.0600	0.0260
7.0800	0.0290
7.1000	0.0300
7.1200	0.0330
7.1400	0.0350
7.1600	0.0370
7.1800	0.0390
7.2000	0.0390
7.2200	0.0390
7.2400	0.0400
7.2600	0.0410
7.2800	0.0410
7.3000	0.0400
7.3200	0.0390
7.3400	0.0380
7.3600	0.0370
7.3800	0.0350
7.4000	0.0330
7.4200	0.0300
7.4400	0.0280
7.4600	0.0260
7.4800	0.0230
7.5000	0.0200
7.5200	0.0170
7.5400	0.0140
7.5600	0.0100
7.5800	0.0070
7.6000	0.0030
7.6200	-0.0010
7.6400	-0.0040
7.6600	-0.0070
7.6800	-0.0100
7.7000	-0.0130
7.7200	-0.0160
7.7400	-0.0190
7.7600	-0.0220
7.7800	-0.0240
7.8000	-0.0270
7.8200	-0.0300
7.8400	-0.0310
7.8600	-0.0330
7.8800	-0.0350
7.9000	-0.0350
7.9200	-0.0360
7.9400	-0.0370
7.9600	-0.0360
7.9800	-0.0370
8.0000	-0.0360
8.0200	-0.0360
8.0400	-0.0350
8.0600	-0.0340
8.0800	-0.0330
8.1000	-0.0300
8.1200	-0.0280
8.1400	-0.0260
8.1600	-0.0230
8.1800	-0.0210
8.2000	-0.0190
8.2200	-0.0160
8.2400	-0.0140
8.2600	-0.0100
8.2800	-0.0070
8.3000	-0.0030
8.3200	0.0000
8.3400	0.0030
8.3600	0.0070
8.3800	0.0100
8.4000	0.0130
8.4200	0.0150
8.4400	0.0180
8.4600	0.0220
8.4800	0.0240
8.5000	0.0260
8.5200	0.0280
8.5400	0.0300
8.5600	0.0320
8.5800	0.0330
8.6000	0.0340
8.6200	0.0350
8.6400	0.0350
8.6600	0.0360
8.6800	0.0360
8.7000	0.0360
8.7200	0.0350
8.7400	0.0350
8.7600	0.0340
8.7800	0.0320
8.8000	0.0300
8.8200	0.0290
8.8400	0.0260
8.8600	0.0250
8.8800	0.0230
8.9000	0.0190
8.9200	0.0170
8.9400	0.0140
8.9600	0.0110
8.9800	0.0080
9.0000	0.0050
9.0200	0.0010
9.0400	-0.0010
9.0600	-0.0040
9.0800	-0.0070
9.1000	-0.0090
9.1200	-0.0120
9.1400	-0.0150
9.1600	-0.0170
9.1800	-0.0200
9.2000	-0.0220
9.2200	-0.0250
9.2400	-0.0270
9.2600	-0.0290
9.2800	-0.0300
9.3000	-0.0300
9.3200	-0.0310
9.3400	-0.0320
9.3600	-0.0320
9.3800	-0.0320
9.4000	-0.0320
9.4200	-0.0320
9.4400	-0.0320
9.4600	-0.0310
9.4800	-0.0300
9.5000	-0.0270
9.5200	-0.0260
9.5400	-0.0240
9.5600	-0.0220
9.5800	-0.0210
9.6000	-0.0180
9.6200	-0.0160
9.6400	-0.0140
9.6600	-0.0110
9.6800	-0.0080
9.7000	-0.0040
9.7200	-0.0020
9.7400	0.0010
9.7600	0.0040
9.7800	0.0060
9.8000	0.0090
9.8200	0.0110
9.8400	0.0140
9.8600	0.0170
9.8800	0.0200
9.9000	0.0220
9.9200	0.0230
9.9400	0.0260
9.9600	0.0270
9.9800	0.0280
10.0000	0.0300
10.0200	0.0300
10.0400	0.0310
10.0600	0.0320
10.0800	0.0320
10.1000	0.0320
10.1200	0.0310
10.1400	0.0310
10.1600	0.0310
10.1800	0.0290
10.2000	0.0290
10.2200	0.0260
10.2400	0.0250
10.2600	0.0230
10.2800	0.0210
10.3000	0.0190
10.3200	0.0160
10.3400	0.0140
10.3600	0.0110
10.3800	0.0090
10.4000	0.0060
10.4200	0.0030
10.4400	0.0000
10.4600	-0.0010
10.4800	-0.0050
10.5000	-0.0070
10.5200	-0.0090
10.5400	-0.0120
10.5600	-0.0140
10.5800	-0.0170
10.6000	-0.0190
10.6200	-0.0210
10.6400	-0.0230
10.6600	-0.0240
10.6800	-0.0250
10.7000	-0.0260
10.7200	-0.0260
10.7400	-0.0280
10.7600	-0.0280
10.7800	-0.0290
10.8000	-0.0280
10.8200	-0.0290
10.8400	-0.0290
10.8600	-0.0280
10.8800	-0.0270
10.9000	-0.0250
10.9200	-0.0240
10.9400	-0.0220
10.9600	-0.0210
10.9800	-0.0200
11.0000	-0.0170
11.0200	-0.0160
11.0400	-0.0130
11.0600	-0.0110
11.0800	-0.0090
11.1000	-0.0050
11.1200	-0.0030
11.1400	-0.0010
11.1600	0.0010
11.1800	0.0040
11.2000	0.0070
11.2200	0.0090
11.2400	0.0110
11.2600	0.0140
11.2800	0.0160
11.3000	0.0180
11.3200	0.0190
11.3400	0.0220
11.3600	0.0230
11.3800	0.0250
11.4000	0.0260
11.4200	0.0260
11.4400	0.0270
11.4600	0.0280
11.4800	0.0290
11.5000	0.0280
11.5200	0.0280
11.5400	0.0280
11.5600	0.0280
11.5800	0.0270
11.6000	0.0260
11.6200	0.0240
11.6400	0.0230
11.6600	0.0220
11.6800	0.0210
11.7000	0.0180
11.7200	0.0160
11.7400	0.0140
11.7600	0.0120
11.7800	0.0100
11.8000	0.0070
11.8200	0.0040
11.8400	0.0020
11.8600	0.0000
11.8800	-0.0020
11.9000	-0.0040
11.9200	-0.0060
11.9400	-0.0090
11.9600	-0.0110
11.9800	-0.0130
12.0000	-0.0150
12.0200	-0.0170
12.0400	-0.0190
12.0600	-0.0200
12.0800	-0.0220
12.1000	-0.0220
12.1200	-0.0230
12.1400	-0.0240
12.1600	-0.0250
12.1800	-0.0250
12.2000	-0.0250
12.2200	-0.0260
12.2400	-0.0250
12.2600	-0.0250
12.2800	-0.0240
12.3000	-0.0230
12.3200	-0.0220
12.3400	-0.0210
12.3600	-0.0190
12.3800	-0.0180
12.4000	-0.0160
12.4200	-0.0150
12.4400	-0.0130
12.4600	-0.0110
12.4800	-0.0090
12.5000	-0.0060
12.5200	-0.0040
12.5400	-0.0020
12.5600	0.0000
12.5800	0.0020
12.6000	0.0050
12.6200	0.0060
12.6400	0.0080
12.6600	0.0110
12.6800	0.0130
12.7000	0.0150
12.7200	0.0160
12.7400	0.0180
12.7600	0.0200
12.7800	0.0220
12.8000	0.0220
12.8200	0.0230
12.8400	0.0240
12.8600	0.0250
12.8800	0.0260
12.9000	0.0250
12.9200	0.0250
12.9400	0.0250
12.9600	0.0250
12.9800	0.0240
13.0000	0.0240
13.0200	0.0220
13.0400	0.0210
13.0600	0.0200
13.0800	0.0190
13.1000	0.0170
13.1200	0.0160
13.1400	0.0140
13.1600	0.0120
13.1800	0.0100
13.2000	0.0080
13.2200	0.0050
13.2400	0.0030
13.2600	0.0020
13.2800	-0.0000
13.3000	-0.0020
13.3200	-0.0040
13.3400	-0.0060
13.3600	-0.0080
13.3800	-0.0100
13.4000	-0.0120
13.4200	-0.0150
13.4400	-0.0160
13.4600	-0.0170
13.4800	-0.0180
13.5000	-0.0190
13.5200	-0.0200
13.5400	-0.0210
13.5600	-0.0220
13.5800	-0.0220
13.6000	-0.0220
13.6200	-0.0230
13.6400	-0.0230
13.6600	-0.0220
13.6800	-0.0230
13.7000	-0.0200
13.7200	-0.0200
13.7400	-0.0190
13.7600	-0.0180
13.7800	-0.0170
13.8000	-0.0160
13.8200	-0.0150
13.8400	-0.0130
13.8600	-0.0120
13.8800	-0.0090
13.9000	-0.0060
13.9200	-0.0040
13.9400	-0.0040
13.9600	-0.0010
13.9800	0.0000
14.0000	0.0030
14.0200	0.0040
14.0400	0.0060
14.0600	0.0090
14.0800	0.0100
14.1000	0.0120
14.1200	0.0140
14.1400	0.0150
14.1600	0.0170
14.1800	0.0180
14.2000	0.0190
14.2200	0.0200
14.2400	0.0200
14.2600	0.0220
14.2800	0.0220
14.3000	0.0220
14.3200	0.0220
14.3400	0.0220
14.3600	0.0220
14.3800	0.0220
14.4000	0.0210
14.4200	0.0200
14.4400	0.0200
14.4600	0.0190
14.4800	0.0180
14.5000	0.0160
14.5200	0.0150
14.5400	0.0130
14.5600	0.0120
14.5800	0.0100
14.6000	0.0090
14.6200	0.0060
14.6400	0.0040
14.6600	0.0030
14.6800	0.0010
14.7000	-0.0000
14.7200	-0.0020
14.7400	-0.0050
14.7600	-0.0060
14.7800	-0.0080
14.8000	-0.0100
14.8200	-0.0120
14.8400	-0.0130
14.8600	-0.0150
14.8800	-0.0160
14.9000	-0.0160
14.9200	-0.0170
14.9400	-0.0180
14.9600	-0.0180
14.9800	-0.0190
15.0000	-0.0200
15.0200	-0.0210
15.0400	-0.0200
15.0600	-0.0200
15.0800	-0.0200
15.1000	-0.0180
15.1200	-0.0180
15.1400	-0.0180
15.1600	-0.0170
15.1800	-0.0160
15.2000	-0.0150
15.2200	-0.0140
15.2400	-0.0130
15.2600	-0.0110
15.2800	-0.0090
15.3000	-0.0070
15.3200	-0.0050
15.3400	-0.0050
15.3600	-0.0020
15.3800	-0.0010
15.4000	0.0020
15.4200	0.0020
15.4400	0.0040
15.4600	0.0070
15.4800	0.0080
15.5000	0.0100
15.5200	0.0110
15.5400	0.0130
15.5600	0.0140
15.5800	0.0150
15.6000	0.0160
15.6200	0.0170
15.6400	0.0170
15.6600	0.0190
15.6800	0.0190
15.7000	0.0200
15.7200	0.0200
15.7400	0.0200
15.7600	0.0200
15.7800	0.0200
15.8000	0.0190
15.8200	0.0190
15.8400	0.0180
15.8600	0.0180
15.8800	0.0170
15.9000	0.0150
15.9200	0.0140
15.9400	0.0130
15.9600	0.0110
15.9800	0.0100
16.0000	0.0090
16.0200	0.0060
16.0400	0.0050
16.0600	0.0030
16.0800	0.0020
16.1000	0.0010
16.1200	-0.0010
16.1400	-0.0030
16.1600	-0.0050
16.1800	-0.0060
16.2000	-0.0080
16.2200	-0.0100
16.2400	-0.0110
16.2600	-0.0120
16.2800	-0.0130
16.3000	-0.0130
16.3200	-0.0140
16.3400	-0.0160
16.3600	-0.0160
16.3800	-0.0170
16.4000	-0.0170
16.4200	-0.0180
16.4400	-0.0180
16.4600	-0.0180
16.4800	-0.0180
16.5000	-0.0170
16.5200	-0.0160
16.5400	-0.0160
16.5600	-0.0150
16.5800	-0.0140
16.6000	-0.0130
16.6200	-0.0130
16.6400	-0.0120
16.6600	-0.0110
16.6800	-0.0090
16.7000	-0.0070
16.7200	-0.0060
16.7400	-0.0050
16.7600	-0.0030
16.7800	-0.0010
16.8000	-0.0000
16.8200	0.0010
16.8400	0.0030
16.8600	0.0050
16.8800	0.0060
16.9000	0.0080
16.9200	0.0090
16.9400	0.0100
16.9600	0.0120
16.9800	0.0130
17.0000	0.0140
17.0200	0.0140
17.0400	0.0150
17.0600	0.0170
17.0800	0.0170
17.1000	0.0170
17.1200	0.0180
17.1400	0.0180
17.1600	0.0180
17.1800	0.0180
17.2000	0.0180
17.2200	0.0170
17.2400	0.0160
17.2600	0.0160
17.2800	0.0160
17.3000	0.0140
17.3200	0.0130
17.3400	0.0120
17.3600	0.0110
17.3800	0.0100
17.4000	0.0090
17.4200	0.0070
17.4400	0.0050
17.4600	0.0050
17.4800	0.0030
17.5000	0.0020
17.5200	0.0000
17.5400	-0.0010
17.5600	-0.0030
17.5800	-0.0050
17.6000	-0.0050
17.6200	-0.0070
17.6400	-0.0090
17.6600	-0.0100
17.6800	-0.0110
17.7000	-0.0110
17.7200	-0.0120
17.7400	-0.0130
17.7600	-0.0140
17.7800	-0.0150
17.8000	-0.0140
17.8200	-0.0160
17.8400	-0.0160
17.8600	-0.0160
17.8800	-0.0160
17.9000	-0.0150
17.9200	-0.0140
17.9400	-0.0150
17.9600	-0.0140
17.9800	-0.0130
18.0000	-0.0130
18.0200	-0.0120
18.0400	-0.0120
18.0600	-0.0100
18.0800	-0.0090
18.1000	-0.0070
18.1200	-0.0060
18.1400	-0.0050
18.1600	-0.0040
18.1800	-0.0020
18.2000	-0.0010
18.2200	-0.0000
18.2400	0.0010
18.2600	0.0030
18.2800	0.0050
18.3000	0.0060
18.3200	0.0070
18.3400	0.0090
18.3600	0.0100
18.3800	0.0110
18.4000	0.0120
18.4200	0.0120
18.4400	0.0130
18.4600	0.0140
18.4800	0.0150
18.5000	0.0150
18.5200	0.0150
18.5400	0.0160
18.5600	0.0160
18.5800	0.0160
18.6000	0.0160
18.6200	0.0150
18.6400	0.0150
18.6600	0.0150
18.6800	0.0140
18.7000	0.0130
18.7200	0.0120
18.7400	0.0110
18.7600	0.0100
18.7800	0.0100
18.8000	0.0080
18.8200	0.0070
18.8400	0.0060
18.8600	0.0050
18.8800	0.0030
18.9000	0.0030
18.9200	0.0010
18.9400	-0.0010
18.9600	-0.0020
18.9800	-0.0030
19.0000	-0.0040
19.0200	-0.0060
19.0400	-0.0070
19.0600	-0.0080
19.0800	-0.0080
19.1000	-0.0090
19.1200	-0.0100
19.1400	-0.0110
19.1600	-0.0120
19.1800	-0.0120
19.2000	-0.0130
19.2200	-0.0140
19.2400	-0.0140
19.2600	-0.0140
19.2800	-0.0140
19.3000	-0.0140
19.3200	-0.0130
19.3400	-0.0130
19.3600	-0.0120
19.3800	-0.0120
19.4000	-0.0120
19.4200	-0.0110
19.4400	-0.0110
19.4600	-0.0090
19.4800	-0.0090
19.5000	-0.0070
19.5200	-0.0060
19.5400	-0.0050
19.5600	-0.0040
19.5800	-0.0030
19.6000	-0.0010
19.6200	-0.0010
19.6400	0.0010
19.6600	0.0020
19.6800	0.0030
19.7000	0.0050
19.7200	0.0060
19.7400	0.0070
19.7600	0.0080
19.7800	0.0090
19.8000	0.0100
19.8200	0.0110
19.8400	0.0110
19.8600	0.0120
19.8800	0.0130
19.9000	0.0130
19.9200	0.0140
19.9400	0.0140
19.9600	0.0140
19.9800	0.0140
20.0000	0.0140
20.0200	0.0130
20.0400	0.0130
20.0600	0.0130
20.0800	0.0130
20.1000	0.0120
20.1200	0.0110
20.1400	0.0110
20.1600	0.0110
20.1800	0.0090
20.2000	0.0080
20.2200	0.0070
20.2400	0.0060
20.2600	0.0050
20.2800	0.0040
20.3000	0.0030
20.3200	0.0020
20.3400	0.0000
20.3600	-0.0010
20.3800	-0.0020
20.4000	-0.0030
20.4200	-0.0050
20.4400	-0.0060
20.4600	-0.0070
20.4800	-0.0080
20.5000	-0.0070
20.5200	-0.0080
20.5400	-0.0100
20.5600	-0.0100
20.5800	-0.0110
20.6000	-0.0110
20.6200	-0.0120
20.6400	-0.0120
20.6600	-0.0120
20.6800	-0.0120
20.7000	-0.0120
20.7200	-0.0120
20.7400	-0.0120
20.7600	-0.0110
20.7800	-0.0110
20.8000	-0.0110
20.8200	-0.0100
20.8400	-0.0100
20.8600	-0.0090
20.8800	-0.0080
20.9000	-0.0060
20.9200	-0.0060
20.9400	-0.0050
20.9600	-0.0040
20.9800	-0.0030
21.0000	-0.0020
21.0200	-0.0020
21.0400	-0.0000
21.0600	0.0010
21.0800	0.0020
21.1000	0.0040
21.1200	0.0050
21.1400	0.0050
21.1600	0.0070
21.1800	0.0070
21.2000	0.0080
21.2200	0.0090
21.2400	0.0090
21.2600	0.0110
21.2800	0.0110
21.3000	0.0110
21.3200	0.0120
21.3400	0.0120
21.3600	0.0130
21.3800	0.0130
21.4000	0.0130
21.4200	0.0120
21.4400	0.0120
21.4600	0.0120
21.4800	0.0120
21.5000	0.0110
21.5200	0.0110
21.5400	0.0100
21.5600	0.0100
21.5800	0.0090
21.6000	0.0080
21.6200	0.0060
21.6400	0.0050
21.6600	0.0050
21.6800	0.0040
21.7000	0.0040
21.7200	0.0020
21.7400	0.0010
21.7600	0.0000
21.7800	-0.0010
21.8000	-0.0020
21.8200	-0.0040
21.8400	-0.0050
21.8600	-0.0050
21.8800	-0.0060
21.9000	-0.0060
21.9200	-0.0060
21.9400	-0.0080
21.9600	-0.0080
21.9800	-0.0090
22.0000	-0.0090
22.0200	-0.0110
22.0400	-0.0110
22.0600	-0.0110
22.0800	-0.0110
22.1000	-0.0100
22.1200	-0.0100
22.1400	-0.0100
22.1600	-0.0100
22.1800	-0.0100
22.2000	-0.0090
22.2200	-0.0100
22.2400	-0.0090
22.2600	-0.0080
22.2800	-0.0080
22.3000	-0.0060
22.3200	-0.0050
22.3400	-0.0050
22.3600	-0.0050
22.3800	-0.0040
22.4000	-0.0020
22.4200	-0.0020
22.4400	-0.0010
22.4600	0.0010
22.4800	0.0010
22.5000	0.0030
22.5200	0.0040
22.5400	0.0050
22.5600	0.0050
22.5800	0.0060
22.6000	0.0080
22.6200	0.0070
22.6400	0.0080
22.6600	0.0090
22.6800	0.0100
22.7000	0.0110
22.7200	0.0100
22.7400	0.0110
22.7600	0.0110
22.7800	0.0110
22.8000	0.0110
22.8200	0.0110
22.8400	0.0110
22.8600	0.0110
22.8800	0.0110
22.9000	0.0100
22.9200	0.0100
22.9400	0.0090
22.9600	0.0090
22.9800	0.0080
23.0000	0.0080
23.0200	0.0060
23.0400	0.0050
23.0600	0.0050
23.0800	0.0040
23.1000	0.0040
23.1200	0.0030
23.1400	0.0020
23.1600	0.0010
23.1800	-0.0000
23.2000	-0.0010
23.2200	-0.0030
23.2400	-0.0030
23.2600	-0.0040
23.2800	-0.0050
23.3000	-0.0040
23.3200	-0.0050
23.3400	-0.0060
23.3600	-0.0070
23.3800	-0.0080
23.4000	-0.0080
23.4200	-0.0090
23.4400	-0.0100
23.4600	-0.0100
23.4800	-0.0100
23.5000	-0.0090
23.5200	-0.0090
23.5400	-0.0090
23.5600	-0.0090
23.5800	-0.0090
23.6000	-0.0090
23.6200	-0.0090
23.6400	-0.0080
23.6600	-0.0080
23.6800	-0.0070
23.7000	-0.0050
23.7200	-0.0050
23.7400	-0.0050
23.7600	-0.0040
23.7800	-0.0030
23.8000	-0.0030
23.8200	-0.0020
23.8400	-0.0020
23.8600	0.0000
23.8800	0.0010
23.9000	0.0020
23.9200	0.0030
23.9400	0.0040
23.9600	0.0040
23.9800	0.0050
24.0000	0.0060
24.0200	0.0060
24.0400	0.0060
24.0600	0.0080
24.0800	0.0080
24.1000	0.0090
24.1200	0.0090
24.1400	0.0090
24.1600	0.0090
24.1800	0.0100
24.2000	0.0100
24.2200	0.0090
24.2400	0.0090
24.2600	0.0100
24.2800	0.0100
24.3000	0.0100
24.3200	0.0090
24.3400	0.0090
24.3600	0.0080
24.3800	0.0080
24.4000	0.0070
24.4200	0.0060
24.4400	0.0050
24.4600	0.0050
24.4800	0.0050
24.5000	0.0040
24.5200	0.0030
24.5400	0.0020
24.5600	0.0010
24.5800	0.0010
24.6000	-0.0000
24.6200	-0.0010
24.6400	-0.0020
24.6600	-0.0030
24.6800	-0.0030
24.7000	-0.0040
24.7200	-0.0040
24.7400	-0.0050
24.7600	-0.0060
24.7800	-0.0060
24.8000	-0.0080
24.8200	-0.0080
24.8400	-0.0080
24.8600	-0.0080
24.8800	-0.0090
24.9000	-0.0080
24.9200	-0.0080
24.9400	-0.0080
24.9600	-0.0080
24.9800	-0.0080
25.0000	-0.0080
25.0200	-0.0080
25.0400	-0.0070
25.0600	-0.0070
25.0800	-0.0070
25.1000	-0.0050
25.1200	-0.0050
25.1400	-0.0050
25.1600	-0.0040
25.1800	-0.0040
25.2000	-0.0030
25.2200	-0.0020
25.2400	-0.0020
25.2600	-0.0010
25.2800	0.0000
25.3000	0.0020
25.3200	0.0020
25.3400	0.0020
25.3600	0.0030
25.3800	0.0040
25.4000	0.0050
25.4200	0.0050
25.4400	0.0050
25.4600	0.0070
25.4800	0.0070
25.5000	0.0080
25.5200	0.0080
25.5400	0.0080
25.5600	0.0080
25.5800	0.0090
25.6000	0.0090
25.6200	0.0080
25.6400	0.0080
25.6600	0.0090
25.6800	0.0090
25.7000	0.0090
25.7200	0.0080
25.7400	0.0080
25.7600	0.0080
25.7800	0.0070
25.8000	0.0070
25.8200	0.0060
25.8400	0.0050
25.8600	0.0060
25.8800	0.0050
25.9000	0.0040
25.9200	0.0030
25.9400	0.0020
25.9600	0.0020
25.9800	0.0010
26.0000	-0.0000
26.0200	-0.0020
26.0400	-0.0010
26.0600	-0.0020
26.0800	-0.0030
26.1000	-0.0030
26.1200	-0.0030
26.1400	-0.0050
26.1600	-0.0050
26.1800	-0.0060
26.2000	-0.0060
26.2200	-0.0070
26.2400	-0.0070
26.2600	-0.0070
26.2800	-0.0070
26.3000	-0.0070
26.3200	-0.0060
26.3400	-0.0070
26.3600	-0.0070
26.3800	-0.0070
26.4000	-0.0070
26.4200	-0.0080
26.4400	-0.0070
26.4600	-0.0060
26.4800	-0.0060
26.5000	-0.0050
26.5200	-0.0040
26.5400	-0.0050
26.5600	-0.0040
26.5800	-0.0040
26.6000	-0.0030
26.6200	-0.0030
26.6400	-0.0020
26.6600	-0.0010
26.6800	-0.0000
26.7000	0.0010
26.7200	0.0010
26.7400	0.0020
26.7600	0.0020
26.7800	0.0030
26.8000	0.0040
26.8200	0.0040
26.8400	0.0050
26.8600	0.0060
26.8800	0.0060
26.9000	0.0060
26.9200	0.0070
26.9400	0.0070
26.9600	0.0070
26.9800	0.0080
27.0000	0.0080
27.0200	0.0080
27.0400	0.0080
27.0600	0.0080
27.0800	0.0080
27.1000	0.0080
27.1200	0.0080
27.1400	0.0080
27.1600	0.0080
27.1800	0.0070
27.2000	0.0060
27.2200	0.0050
27.2400	0.0050
27.2600	0.0050
27.2800	0.0040
27.3000	0.0040
27.3200	0.0040
27.3400	0.0020
27.3600	0.0020
27.3800	0.0010
27.4000	0.0010
27.4200	-0.0000
27.4400	-0.0010
27.4600	-0.0010
27.4800	-0.0020
27.5000	-0.0020
27.5200	-0.0030
27.5400	-0.0040
27.5600	-0.0040
27.5800	-0.0040
27.6000	-0.0050
27.6200	-0.0060
27.6400	-0.0060
27.6600	-0.0060
27.6800	-0.0070
27.7000	-0.0060
27.7200	-0.0060
27.7400	-0.0070
27.7600	-0.0070
27.7800	-0.0060
27.8000	-0.0060
27.8200	-0.0070
27.8400	-0.0070
27.8600	-0.0060
27.8800	-0.0050
27.9000	-0.0050
27.9200	-0.0040
27.9400	-0.0040
27.9600	-0.0040
27.9800	-0.0030
28.0000	-0.0030
28.0200	-0.0030
28.0400	-0.0020
28.0600	-0.0010
28.0800	-0.0000
28.1000	0.0000
28.1200	0.0010
28.1400	0.0010
28.1600	0.0020
28.1800	0.0020
28.2000	0.0030
28.2200	0.0030
28.2400	0.0040
28.2600	0.0050
28.2800	0.0050
28.3000	0.0060
28.3200	0.0060
28.3400	0.0060
28.3600	0.0060
28.3800	0.0070
28.4000	0.0070
28.4200	0.0070
28.4400	0.0070
28.4600	0.0070
28.4800	0.0070
28.5000	0.0070
28.5200	0.0070
28.5400	0.0060
28.5600	0.0060
28.5800	0.0060
28.6000	0.0060
28.6200	0.0050
28.6400	0.0050
28.6600	0.0050
28.6800	0.0050
28.7000	0.0040
28.7200	0.0040
28.7400	0.0030
28.7600	0.0020
28.7800	0.0020
28.8000	0.0010
28.8200	0.0000
28.8400	-0.0000
28.8600	-0.0010
28.8800	-0.0010
28.9000	-0.0010
28.9200	-0.0010
28.9400	-0.0030
28.9600	-0.0040
28.9800	-0.0040
29.0000	-0.0040
29.0200	-0.0050
29.0400	-0.0050
29.0600	-0.0050
29.0800	-0.0050
29.1000	-0.0050
29.1200	-0.0050
29.1400	-0.0060
29.1600	-0.0060
29.1800	-0.0060
29.2000	-0.0050
29.2200	-0.0060
29.2400	-0.0060
29.2600	-0.0050
29.2800	-0.0050
29.3000	-0.0040
29.3200	-0.0040
29.3400	-0.0040
29.3600	-0.0030
29.3800	-0.0030
29.4000	-0.0020
29.4200	-0.0030
29.4400	-0.0020
29.4600	-0.0010
29.4800	-0.0010
29.5000	-0.0000
29.5200	0.0010
29.5400	0.0010
29.5600	0.0010
29.5800	0.0020
29.6000	0.0020
29.6200	0.0030
29.6400	0.0030
29.6600	0.0040
29.6800	0.0040
29.7000	0.0050
29.7200	0.0050
29.7400	0.0060
29.7600	0.0060
29.7800	0.0060
29.8000	0.0060
29.8200	0.0060
29.8400	0.0060
29.8600	0.0070
29.8800	0.0070
29.9000	0.0070
29.9200	0.0070
29.9400	0.0060
29.9600	0.0060
29.9800	0.0060
30.0000	0.0060
30.0200	0.0050
30.0400	0.0040
30.0600	0.0050
30.0800	0.0040
30.1000	0.0040
30.1200	0.0040
30.1400	0.0030
30.1600	0.0020
30.1800	0.0020
30.2000	0.0010
30.2200	0.0010
30.2400	-0.0000
30.2600	-0.0000
30.2800	-0.0010
30.3000	-0.0010
30.3200	-0.0010
30.3400	-0.0020
30.3600	-0.0030
30.3800	-0.0030
30.4000	-0.0040
30.4200	-0.0040
30.4400	-0.0040
30.4600	-0.0040
30.4800	-0.0040
30.5000	-0.0040
30.5200	-0.0040
30.5400	-0.0050
30.5600	-0.0050
30.5800	-0.0050
30.6000	-0.0050
30.6200	-0.0050
30.6400	-0.0060
30.6600	-0.0050
30.6800	-0.0040
30.7000	-0.0040
30.7200	-0.0040
30.7400	-0.0040
30.7600	-0.0040
30.7800	-0.0030
30.8000	-0.0030
30.8200	-0.0030
30.8400	-0.0020
30.8600	-0.0010
30.8800	-0.0010
30.9000	-0.0000
30.9200	0.0000
30.9400	0.0010
30.9600	0.0010
30.9800	0.0020
31.0000	0.0020
31.0200	0.0020
31.0400	0.0020
31.0600	0.0040
31.0800	0.0040
31.1000	0.0040
31.1200	0.0040
31.1400	0.0050
31.1600	0.0050
31.1800	0.0050
31.2000	0.0060
31.2200	0.0050
31.2400	0.0050
31.2600	0.0060
31.2800	0.0060
31.3000	0.0060
31.3200	0.0060
31.3400	0.0060
31.3600	0.0050
31.3800	0.0050
31.4000	0.0050
31.4200	0.0050
31.4400	0.0040
31.4600	0.0040
31.4800	0.0040
31.5000	0.0040
31.5200	0.0040
31.5400	0.0030
31.5600	0.0030
31.5800	0.0020
31.6000	0.0020
31.6200	0.0010
31.6400	0.0000
31.6600	0.0000
31.6800	0.0000
31.7000	-0.0000
31.7200	-0.0000
31.7400	-0.0010
31.7600	-0.0020
31.7800	-0.0020
31.8000	-0.0030
31.8200	-0.0040
31.8400	-0.0040
31.8600	-0.0030
31.8800	-0.0040
31.9000	-0.0030
31.9200	-0.0030
31.9400	-0.0040
31.9600	-0.0040
31.9800	-0.0040
32.0000	-0.0040
32.0200	-0.0050
32.0400	-0.0050
32.0600	-0.0050
32.0800	-0.0040
32.1000	-0.0040
32.1200	-0.0030
32.1400	-0.0030
32.1600	-0.0030
32.1800	-0.0030
32.2000	-0.0030
32.2200	-0.0030
32.2400	-0.0020
32.2600	-0.0010
32.2800	-0.0010
32.3000	-0.0000
32.3200	0.0000
32.3400	0.0000
32.3600	0.0000
32.3800	0.0010
32.4000	0.0010
32.4200	0.0010
32.4400	0.0020
32.4600	0.0030
32.4800	0.0030
32.5000	0.0040
32.5200	0.0040
32.5400	0.0040
32.5600	0.0040
32.5800	0.0040
32.6000	0.0040
32.6200	0.0040
32.6400	0.0040
32.6600	0.0050
32.6800	0.0050
32.7000	0.0050
32.7200	0.0050
32.7400	0.0050
32.7600	0.0050
32.7800	0.0050
32.8000	0.0040
32.8200	0.0040
32.8400	0.0040
32.8600	0.0040
32.8800	0.0040
32.9000	0.0040
32.9200	0.0030
32.9400	0.0030
32.9600	0.0030
32.9800	0.0020
33.0000	0.0020
33.0200	0.0010
33.0400	0.0000
33.0600	0.0000
33.0800	0.0010
33.1000	0.0000
33.1200	0.0000
33.1400	-0.0010
33.1600	-0.0010
33.1800	-0.0020
33.2000	-0.0020
33.2200	-0.0030
33.2400	-0.0030
33.2600	-0.0030
33.2800	-0.0030
33.3000	-0.0030
33.3200	-0.0030
33.3400	-0.0040
33.3600	-0.0040
33.3800	-0.0040
33.4000	-0.0040
33.4200	-0.0050
33.4400	-0.0040
33.4600	-0.0040
33.4800	-0.0040
33.5000	-0.0030
33.5200	-0.0030
33.5400	-0.0030
33.5600	-0.0030
33.5800	-0.0030
33.6000	-0.0020
33.6200	-0.0030
33.6400	-0.0030
33.6600	-0.0020
33.6800	-0.0010
33.7000	0.0000
33.7200	0.0000
33.7400	0.0000
33.7600	0.0000
33.7800	0.0010
33.8000	0.0010
33.8200	0.0010
33.8400	0.0010
33.8600	0.0020
33.8800	0.0030
33.9000	0.0030
33.9200	0.0030
33.9400	0.0030
33.9600	0.0030
33.9800	0.0030
34.0000	0.0040
34.0200	0.0040
34.0400	0.0040
34.0600	0.0040
34.0800	0.0050
34.1000	0.0050
34.1200	0.0050
34.1400	0.0040
34.1600	0.0040
34.1800	0.0040
34.2000	0.0040
34.2200	0.0040
34.2400	0.0040
34.2600	0.0040
34.2800	0.0040
34.3000	0.0040
34.3200	0.0030
34.3400	0.0030
34.3600	0.0020
34.3800	0.0020
34.4000	0.0020
34.4200	0.0010
34.4400	0.0000
34.4600	0.0000
34.4800	0.0000
34.5000	0.0000
34.5200	-0.0000
34.5400	-0.0010
34.5600	-0.0010
34.5800	-0.0010
34.6000	-0.0020
34.6200	-0.0030
34.6400	-0.0030
34.6600	-0.0030
34.6800	-0.0030
34.7000	-0.0020
34.7200	-0.0030
34.7400	-0.0030
34.7600	-0.0030
34.7800	-0.0040
34.8000	-0.0030
34.8200	-0.0040
34.8400	-0.0040
34.8600	-0.0030
34.8800	-0.0030
34.9000	-0.0030
34.9200	-0.0020
34.9400	-0.0030
34.9600	-0.0030
34.9800	-0.0030
35.0000	-0.0020
35.0200	-0.0020
35.0400	-0.0020
35.0600	-0.0020
35.0800	-0.0010
35.1000	-0.0010
35.1200	-0.0000
35.1400	-0.0000
35.1600	0.0000
35.1800	0.0010
35.2000	0.0010
35.2200	0.0010
35.2400	0.0010
35.2600	0.0010
35.2800	0.0020
35.3000	0.0030
35.3200	0.0030
35.3400	0.0030
35.3600	0.0030
35.3800	0.0040
35.4000	0.0030
35.4200	0.0030
35.4400	0.0030
35.4600	0.0040
35.4800	0.0040
35.5000	0.0050
35.5200	0.0040
35.5400	0.0040
35.5600	0.0040
35.5800	0.0040
35.6000	0.0040
35.6200	0.0030
35.6400	0.0030
35.6600	0.0040
35.6800	0.0030
35.7000	0.0030
35.7200	0.0030
35.7400	0.0020
35.7600	0.0030
35.7800	0.0020
35.8000	0.0020
35.8200	0.0010
35.8400	0.0000
35.8600	0.0010
35.8800	0.0010
35.9000	0.0010
35.9200	0.0000
35.9400	-0.0000
35.9600	-0.0000
35.9800	-0.0010
36.0000	-0.0010
36.0200	-0.0020
36.0400	-0.0020
36.0600	-0.0020
36.0800	-0.0020
36.1000	-0.0020
36.1200	-0.0020
36.1400	-0.0030
36.1600	-0.0030
36.1800	-0.0030
36.2000	-0.0030
36.2200	-0.0040
36.2400	-0.0030
36.2600	-0.0030
36.2800	-0.0030
36.3000	-0.0020
36.3200	-0.0020
36.3400	-0.0030
36.3600	-0.0020
36.3800	-0.0020
36.4000	-0.0020
36.4200	-0.0020
36.4400	-0.0020
36.4600	-0.0010
36.4800	-0.0020
36.5000	-0.0010
36.5200	-0.0000
36.5400	-0.0010
36.5600	-0.0000
36.5800	0.0010
36.6000	0.0000
36.6200	0.0000
36.6400	0.0000
36.6600	0.0010
36.6800	0.0020
36.7000	0.0020
36.7200	0.0030
36.7400	0.0020
36.7600	0.0030
36.7800	0.0030
36.8000	0.0030
36.8200	0.0030
36.8400	0.0030
36.8600	0.0030
36.8800	0.0030
36.9000	0.0040
36.9200	0.0040
36.9400	0.0040
36.9600	0.0040
36.9800	0.0040
37.0000	0.0040
37.0200	0.0030
37.0400	0.0030
37.0600	0.0030
37.0800	0.0030
37.1000	0.0030
37.1200	0.0030
37.1400	0.0030
37.1600	0.0020
37.1800	0.0020
37.2000	0.0020
37.2200	0.0010
37.2400	0.0010
37.2600	0.0010
37.2800	0.0000
37.3000	0.0010
37.3200	0.0010
37.3400	-0.0000
37.3600	-0.0000
37.3800	-0.0000
37.4000	-0.0010
37.4200	-0.0020
37.4400	-0.0020
37.4600	-0.0010
37.4800	-0.0020
37.5000	-0.0010
37.5200	-0.0010
37.5400	-0.0020
37.5600	-0.0020
37.5800	-0.0020
37.6000	-0.0020
37.6200	-0.0030
37.6400	-0.0030
37.6600	-0.0030
37.6800	-0.0030
37.7000	-0.0020
37.7200	-0.0010
37.7400	-0.0020
37.7600	-0.0020
37.7800	-0.0020
37.8000	-0.0020
37.8200	-0.0020
37.8400	-0.0020
37.8600	-0.0020
37.8800	-0.0010
37.9000	-0.0000
37.9200	0.0000
37.9400	0.0000
37.9600	-0.0000
37.9800	0.0000
38.0000	0.0010
38.0200	0.0000
38.0400	-0.0000
38.0600	0.0010
38.0800	0.0010
38.1000	0.0020
38.1200	0.0020
38.1400	0.0020
38.1600	0.0020
38.1800	0.0020
38.2000	0.0020
38.2200	0.0020
38.2400	0.0020
38.2600	0.0030
38.2800	0.0030
38.3000	0.0040
38.3200	0.0040
38.3400	0.0040
38.3600	0.0030
38.3800	0.0030
38.4000	0.0040
38.4200	0.0030
38.4400	0.0030
38.4600	0.0030
38.4800	0.0030
38.5000	0.0030
38.5200	0.0030
38.5400	0.0020
38.5600	0.0020
38.5800	0.0020
38.6000	0.0020
38.6200	0.0010
38.6400	0.0010
38.6600	0.0010
38.6800	0.0010
38.7000	0.0010
38.7200	0.0010
38.7400	0.0000
38.7600	-0.0000
38.7800	-0.0010
38.8000	-0.0000
38.8200	-0.0010
38.8400	-0.0020
38.8600	-0.0010
38.8800	-0.0010
38.9000	-0.0010
38.9200	-0.0010
38.9400	-0.0020
38.9600	-0.0010
38.9800	-0.0030
39.0000	-0.0020
39.0200	-0.0030
39.0400	-0.0030
39.0600	-0.0020
39.0800	-0.0020
39.1000	-0.0020
39.1200	-0.0010
39.1400	-0.0020
39.1600	-0.0020
39.1800	-0.0020
39.2000	-0.0010
39.2200	-0.0020
39.2400	-0.0020
39.2600	-0.0010
39.2800	-0.0010
39.3000	-0.0010
39.3200	-0.0000
39.3400	-0.0000
39.3600	-0.0010
39.3800	-0.0000
39.4000	0.0000
39.4200	-0.0000
39.4400	0.0000
39.4600	0.0010
39.4800	0.0020
39.5000	0.0020
39.5200	0.0020
39.5400	0.0020
39.5600	0.0020
39.5800	0.0020
39.6000	0.0030
39.6200	0.0020
39.6400	0.0020
39.6600	0.0030
39.6800	0.0030
39.7000	0.0040
39.7200	0.0030
39.7400	0.0030
39.7600	0.0030
39.7800	0.0030
39.8000	0.0030
39.8200	0.0020
39.8400	0.0020
39.8600	0.0030
39.8800	0.0030
39.9000	0.0030
39.9200	0.0030
39.9400	0.0020
39.9600	0.0020
39.9800	0.0020
40.0000	0.0020
40.0200	0.0010
40.0400	0.0010
40.0600	0.0010
40.0800	0.0010
40.1000	0.0020
40.1200	0.0010
40.1400	0.0000
40.1600	-0.0000
40.1800	-0.0000
40.2000	-0.0000
40.2200	-0.0010
40.2400	-0.0010
40.2600	-0.0010
40.2800	-0.0010
40.3000	-0.0000
40.3200	-0.0010
40.3400	-0.0010
40.3600	-0.0010
40.3800	-0.0010
40.4000	-0.0010
40.4200	-0.0020
40.4400	-0.0020
40.4600	-0.0020
40.4800	-0.0020
40.5000	-0.0020
40.5200	-0.0020
40.5400	-0.0020
40.5600	-0.0020
40.5800	-0.0020
40.6000	-0.0010
40.6200	-0.0020
40.6400	-0.0010
40.6600	-0.0010
40.6800	-0.0010
40.7000	-0.0000
40.7200	-0.0000
40.7400	-0.0010
40.7600	-0.0000
40.7800	0.0000
40.8000	0.0000
40.8200	-0.0000
40.8400	-0.0000
40.8600	0.0010
40.8800	0.0010
40.9000	0.0020
40.9200	0.0020
40.9400	0.0020
40.9600	0.0020
40.9800	0.0020
41.0000	0.0020
41.0200	0.0010
41.0400	0.0020
41.0600	0.0030
41.0800	0.0030
41.1000	0.0030
41.1200	0.0030
41.1400	0.0030
41.1600	0.0030
41.1800	0.0020
41.2000	0.0020
41.2200	0.0020
41.2400	0.0020
41.2600	0.0020
41.2800	0.0030
41.3000	0.0030
41.3200	0.0030
41.3400	0.0030
41.3600	0.0020
41.3800	0.0020
41.4000	0.0020
41.4200	0.0010
41.4400	0.0010
41.4600	0.0010
41.4800	0.0010
41.5000	0.0010
41.5200	0.0010
41.5400	0.0010
41.5600	0.0000
41.5800	0.0000
41.6000	-0.0010
41.6200	-0.0010
41.6400	-0.0010
41.6600	-0.0010
41.6800	-0.0010
41.7000	-0.0010
41.7200	-0.0010
41.7400	-0.0010
41.7600	-0.0010
41.7800	-0.0010
41.8000	-0.0010
41.8200	-0.0020
41.8400	-0.0020
41.8600	-0.0020
41.8800	-0.0010
41.9000	-0.0010
41.9200	-0.0010
41.9400	-0.0010
41.9600	-0.0010
41.9800	-0.0010
42.0000	-0.0010
42.0200	-0.0010
42.0400	-0.0010
42.0600	-0.0010
42.0800	-0.0010
42.1000	-0.0000
42.1200	-0.0000
42.1400	-0.0000
42.1600	-0.0000
42.1800	-0.0000
42.2000	0.0000
42.2200	-0.0010
42.2400	0.0000
42.2600	0.0010
42.2800	0.0010
42.3000	0.0010
42.3200	0.0010
42.3400	0.0020
42.3600	0.0010
42.3800	0.0010
42.4000	0.0020
42.4200	0.0010
42.4400	0.0010
42.4600	0.0020
42.4800	0.0020
42.5000	0.0030
42.5200	0.0030
42.5400	0.0030
42.5600	0.0030
42.5800	0.0020
42.6000	0.0020
42.6200	0.0020
42.6400	0.0020
42.6600	0.0020
42.6800	0.0020
42.7000	0.0030
42.7200	0.0030
42.7400	0.0020
42.7600	0.0020
42.7800	0.0020
42.8000	0.0020
42.8200	0.0010
42.8400	0.0010
42.8600	0.0010
42.8800	0.0010
42.9000	0.0010
42.9200	0.0010
42.9400	0.0000
42.9600	0.0000
42.9800	0.0000
43.0000	0.0010
43.0200	-0.0000
43.0400	-0.0010
43.0600	-0.0010
43.0800	-0.0000
43.1000	-0.0000
43.1200	-0.0000
43.1400	-0.0010
43.1600	-0.0010
43.1800	-0.0010
43.2000	-0.0010
43.2200	-0.0020
43.2400	-0.0020
43.2600	-0.0010
43.2800	-0.0010
43.3000	-0.0010
43.3200	-0.0010
43.3400	-0.0010
43.3600	-0.0010
43.3800	-0.0010
43.4000	-0.0010
43.4200	-0.0020
43.4400	-0.0010
43.4600	-0.0010
43.4800	-0.0010
43.5000	-0.0000
43.5200	-0.0000
43.5400	-0.0010
43.5600	-0.0010
43.5800	-0.0000
43.6000	-0.0000
43.6200	-0.0000
43.6400	-0.0000
43.6600	0.0000
43.6800	0.0000
43.7000	0.0010
43.7200	0.0010
43.7400	0.0010
43.7600	0.0010
43.7800	0.0010
43.8000	0.0020
43.8200	0.0010
43.8400	0.0020
43.8600	0.0020
43.8800	0.0020
43.9000	0.0020
43.9200	0.0020
43.9400	0.0020
43.9600	0.0020
43.9800	0.0020
44.0000	0.0020
44.0200	0.0020
44.0400	0.0020
44.0600	0.0020
44.0800	0.0020
44.1000	0.0020
44.1200	0.0020
44.1400	0.0020
44.1600	0.0020
44.1800	0.0020
44.2000	0.0020
44.2200	0.0010
44.2400	0.0010
44.2600	0.0010
44.2800	0.0010
44.3000	0.0010
44.3200	0.0010
44.3400	0.0010
44.3600	0.0010
44.3800	0.0010
44.4000	0.0000
44.4200	-0.0000
44.4400	-0.0000
44.4600	-0.0000
44.4800	-0.0010
44.5000	0.0000
44.5200	0.0000
44.5400	-0.0010
44.5600	-0.0010
44.5800	-0.0010
44.6000	-0.0010
44.6200	-0.0020
44.6400	-0.0020
44.6600	-0.0010
44.6800	-0.0010
44.7000	-0.0010
44.7200	-0.0010
44.7400	-0.0010
44.7600	-0.0020
44.7800	-0.0010
44.8000	-0.0010
44.8200	-0.0010
44.8400	-0.0010
44.8600	-0.0010
44.8800	-0.0010
44.9000	-0.0000
44.9200	-0.0000
44.9400	-0.0000
44.9600	-0.0010
44.9800	-0.0000
45.0000	-0.0000
45.0200	-0.0000
45.0400	-0.0000
45.0600	0.0000
45.0800	0.0000
45.1000	0.0010
45.1200	0.0010
45.1400	0.0010
45.1600	0.0010
45.1800	0.0010
45.2000	0.0010
45.2200	0.0010
45.2400	0.0010
45.2600	0.0020
45.2800	0.0020
45.3000	0.0020
45.3200	0.0020
45.3400	0.0020
45.3600	0.0020
45.3800	0.0020
45.4000	0.0020
45.4200	0.0020
45.4400	0.0020
45.4600	0.0020
45.4800	0.0020
45.5000	0.0020
45.5200	0.0020
45.5400	0.0020
45.5600	0.0020
45.5800	0.0020
45.6000	0.0020
45.6200	0.0010
45.6400	0.0010
45.6600	0.0010
45.6800	0.0010
45.7000	0.0020
45.7200	0.0020
45.7400	0.0010
45.7600	0.0010
45.7800	0.0000
45.8000	0.0010
45.8200	-0.0000
45.8400	-0.0000
45.8600	-0.0000
45.8800	-0.0000
45.9000	-0.0000
45.9200	-0.0000
45.9400	-0.0010
45.9600	-0.0010
45.9800	-0.0010
46.0000	-0.0000
46.0200	-0.0010
46.0400	-0.0010
46.0600	-0.0010
46.0800	-0.0010
46.1000	-0.0010
46.1200	-0.0010
46.1400	-0.0010
46.1600	-0.0010
46.1800	-0.0010
46.2000	-0.0010
46.2200	-0.0010
46.2400	-0.0010
46.2600	-0.0000
46.2800	-0.0010
46.3000	0.0000
46.3200	0.0000
46.3400	-0.0010
46.3600	-0.0000
46.3800	-0.0010
46.4000	-0.0000
46.4200	-0.0010
