LDM 42E measurement:
Do, 4. Mai 2017
09:54:43
0.0200	0.2230
0.0400	0.2230
0.0600	0.1420
0.0800	0.1410
0.1000	0.1400
0.1200	0.1390
0.1400	0.1370
0.1600	0.1360
0.1800	0.1350
0.2000	0.1340
0.2200	0.1330
0.2400	0.1320
0.2600	0.1310
0.2800	0.1300
0.3000	0.1290
0.3200	0.1280
0.3400	0.1280
0.3600	0.1270
0.3800	0.1260
0.4000	0.1260
0.4200	0.1240
0.4400	0.1240
0.4600	0.1240
0.4800	0.1230
0.5000	0.1230
0.5200	0.1230
0.5400	0.1240
0.5600	0.1240
0.5800	0.1240
0.6000	0.1240
0.6200	0.1230
0.6400	0.1230
0.6600	0.1230
0.6800	0.1240
0.7000	0.1230
0.7200	0.1230
0.7400	0.1230
0.7600	0.1230
0.7800	0.1230
0.8000	0.1230
0.8200	0.1220
0.8400	0.1230
0.8600	0.1220
0.8800	0.1230
0.9000	0.1220
0.9200	0.1230
0.9400	0.1230
0.9600	0.1230
0.9800	0.1240
1.0000	0.1240
1.0200	0.1240
1.0400	0.1250
1.0600	0.1250
1.0800	0.1250
1.1000	0.1260
1.1200	0.1260
1.1400	0.1270
1.1600	0.1270
1.1800	0.1260
1.2000	0.1260
1.2200	0.1260
1.2400	0.1260
1.2600	0.1260
1.2800	0.1260
1.3000	0.1260
1.3200	0.1270
1.3400	0.1270
1.3600	0.1260
1.3800	0.1270
1.4000	0.1270
1.4200	0.1260
1.4400	0.1260
1.4600	0.1260
1.4800	0.1260
1.5000	0.1260
1.5200	0.1260
1.5400	0.1260
1.5600	0.1260
1.5800	0.1260
1.6000	0.1250
1.6200	0.1240
1.6400	0.1250
1.6600	0.1240
1.6800	0.1240
1.7000	0.1240
1.7200	0.1240
1.7400	0.1240
1.7600	0.1240
1.7800	0.1240
1.8000	0.1240
1.8200	0.1240
1.8400	0.1230
1.8600	0.1230
1.8800	0.1240
1.9000	0.1240
1.9200	0.1230
1.9400	0.1240
1.9600	0.1240
1.9800	0.1240
2.0000	0.1240
2.0200	0.1230
2.0400	0.1230
2.0600	0.1230
2.0800	0.1230
2.1000	0.1230
2.1200	0.1230
2.1400	0.1230
2.1600	0.1230
2.1800	0.1230
2.2000	0.1230
2.2200	0.1220
2.2400	0.1220
2.2600	0.1220
2.2800	0.1220
2.3000	0.1220
2.3200	0.1220
2.3400	0.1230
2.3600	0.1230
2.3800	0.1230
2.4000	0.1230
2.4200	0.1220
2.4400	0.1230
2.4600	0.1220
2.4800	0.1220
2.5000	0.1220
2.5200	0.1230
2.5400	0.1230
2.5600	0.1230
2.5800	0.1230
2.6000	0.1230
2.6200	0.1230
2.6400	0.1220
2.6600	0.1220
2.6800	0.1220
2.7000	0.1230
2.7200	0.1220
2.7400	0.1230
2.7600	0.1220
2.7800	0.1220
2.8000	0.1210
2.8200	0.1180
2.8400	0.1150
2.8600	0.1120
2.8800	0.1070
2.9000	0.1010
2.9200	0.0950
2.9400	0.0880
2.9600	0.0800
2.9800	0.0720
3.0000	0.0630
3.0200	0.0540
3.0400	0.0440
3.0600	0.0350
3.0800	0.0240
3.1000	0.0140
3.1200	0.0040
3.1400	-0.0070
3.1600	-0.0170
3.1800	-0.0260
3.2000	-0.0360
3.2200	-0.0460
3.2400	-0.0550
3.2600	-0.0640
3.2800	-0.0720
3.3000	-0.0800
3.3200	-0.0870
3.3400	-0.0930
3.3600	-0.0990
3.3800	-0.1030
3.4000	-0.1070
3.4200	-0.1100
3.4400	-0.1120
3.4600	-0.1130
3.4800	-0.1140
3.5000	-0.1130
3.5200	-0.1110
3.5400	-0.1080
3.5600	-0.1050
3.5800	-0.1010
3.6000	-0.0960
3.6200	-0.0920
3.6400	-0.0850
3.6600	-0.0770
3.6800	-0.0690
3.7000	-0.0610
3.7200	-0.0530
3.7400	-0.0430
3.7600	-0.0340
3.7800	-0.0250
3.8000	-0.0160
3.8200	-0.0060
3.8400	0.0030
3.8600	0.0140
3.8800	0.0240
3.9000	0.0330
3.9200	0.0420
3.9400	0.0510
3.9600	0.0590
3.9800	0.0670
4.0000	0.0740
4.0200	0.0800
4.0400	0.0870
4.0600	0.0920
4.0800	0.0960
4.1000	0.1000
4.1200	0.1030
4.1400	0.1060
4.1600	0.1070
4.1800	0.1080
4.2000	0.1080
4.2200	0.1060
4.2400	0.1040
4.2600	0.1010
4.2800	0.0980
4.3000	0.0930
4.3200	0.0880
4.3400	0.0820
4.3600	0.0760
4.3800	0.0690
4.4000	0.0620
4.4200	0.0530
4.4400	0.0450
4.4600	0.0370
4.4800	0.0280
4.5000	0.0190
4.5200	0.0100
4.5400	0.0000
4.5600	-0.0090
4.5800	-0.0180
4.6000	-0.0270
4.6200	-0.0360
4.6400	-0.0440
4.6600	-0.0530
4.6800	-0.0590
4.7000	-0.0670
4.7200	-0.0730
4.7400	-0.0790
4.7600	-0.0840
4.7800	-0.0890
4.8000	-0.0930
4.8200	-0.0960
4.8400	-0.0980
4.8600	-0.1000
4.8800	-0.1010
4.9000	-0.1000
4.9200	-0.0990
4.9400	-0.0980
4.9600	-0.0950
4.9800	-0.0920
5.0000	-0.0880
5.0200	-0.0840
5.0400	-0.0790
5.0600	-0.0730
5.0800	-0.0660
5.1000	-0.0600
5.1200	-0.0520
5.1400	-0.0440
5.1600	-0.0360
5.1800	-0.0280
5.2000	-0.0190
5.2200	-0.0120
5.2400	-0.0030
5.2600	0.0060
5.2800	0.0150
5.3000	0.0230
5.3200	0.0320
5.3400	0.0400
5.3600	0.0480
5.3800	0.0550
5.4000	0.0610
5.4200	0.0670
5.4400	0.0730
5.4600	0.0780
5.4800	0.0830
5.5000	0.0870
5.5200	0.0900
5.5400	0.0920
5.5600	0.0950
5.5800	0.0950
5.6000	0.0960
5.6200	0.0950
5.6400	0.0930
5.6600	0.0910
5.6800	0.0890
5.7000	0.0860
5.7200	0.0820
5.7400	0.0770
5.7600	0.0710
5.7800	0.0660
5.8000	0.0600
5.8200	0.0520
5.8400	0.0450
5.8600	0.0380
5.8800	0.0300
5.9000	0.0220
5.9200	0.0140
5.9400	0.0060
5.9600	-0.0030
5.9800	-0.0110
6.0000	-0.0180
6.0200	-0.0270
6.0400	-0.0340
6.0600	-0.0420
6.0800	-0.0490
6.1000	-0.0550
6.1200	-0.0610
6.1400	-0.0660
6.1600	-0.0720
6.1800	-0.0770
6.2000	-0.0800
6.2200	-0.0830
6.2400	-0.0860
6.2600	-0.0880
6.2800	-0.0890
6.3000	-0.0890
6.3200	-0.0880
6.3400	-0.0880
6.3600	-0.0860
6.3800	-0.0840
6.4000	-0.0810
6.4200	-0.0770
6.4400	-0.0740
6.4600	-0.0670
6.4800	-0.0620
6.5000	-0.0570
6.5200	-0.0500
6.5400	-0.0430
6.5600	-0.0370
6.5800	-0.0290
6.6000	-0.0230
6.6200	-0.0160
6.6400	-0.0080
6.6600	-0.0000
6.6800	0.0080
6.7000	0.0150
6.7200	0.0230
6.7400	0.0300
6.7600	0.0380
6.7800	0.0440
6.8000	0.0510
6.8200	0.0560
6.8400	0.0610
6.8600	0.0670
6.8800	0.0710
6.9000	0.0750
6.9200	0.0780
6.9400	0.0800
6.9600	0.0830
6.9800	0.0840
7.0000	0.0850
7.0200	0.0840
7.0400	0.0830
7.0600	0.0820
7.0800	0.0810
7.1000	0.0780
7.1200	0.0750
7.1400	0.0710
7.1600	0.0670
7.1800	0.0620
7.2000	0.0560
7.2200	0.0510
7.2400	0.0440
7.2600	0.0380
7.2800	0.0320
7.3000	0.0240
7.3200	0.0170
7.3400	0.0100
7.3600	0.0030
7.3800	-0.0050
7.4000	-0.0120
7.4200	-0.0190
7.4400	-0.0260
7.4600	-0.0320
7.4800	-0.0390
7.5000	-0.0440
7.5200	-0.0500
7.5400	-0.0550
7.5600	-0.0600
7.5800	-0.0640
7.6000	-0.0690
7.6200	-0.0720
7.6400	-0.0750
7.6600	-0.0760
7.6800	-0.0770
7.7000	-0.0780
7.7200	-0.0790
7.7400	-0.0790
7.7600	-0.0780
7.7800	-0.0760
7.8000	-0.0740
7.8200	-0.0720
7.8400	-0.0680
7.8600	-0.0640
7.8800	-0.0600
7.9000	-0.0560
7.9200	-0.0500
7.9400	-0.0440
7.9600	-0.0390
7.9800	-0.0330
8.0000	-0.0270
8.0200	-0.0210
8.0400	-0.0150
8.0600	-0.0080
8.0800	-0.0010
8.1000	0.0060
8.1200	0.0130
8.1400	0.0190
8.1600	0.0250
8.1800	0.0310
8.2000	0.0370
8.2200	0.0420
8.2400	0.0470
8.2600	0.0520
8.2800	0.0560
8.3000	0.0600
8.3200	0.0630
8.3400	0.0660
8.3600	0.0680
8.3800	0.0700
8.4000	0.0710
8.4200	0.0710
8.4400	0.0710
8.4600	0.0710
8.4800	0.0700
8.5000	0.0680
8.5200	0.0660
8.5400	0.0630
8.5600	0.0600
8.5800	0.0570
8.6000	0.0520
8.6200	0.0480
8.6400	0.0430
8.6600	0.0380
8.6800	0.0330
8.7000	0.0270
8.7200	0.0210
8.7400	0.0150
8.7600	0.0080
8.7800	0.0030
8.8000	-0.0030
8.8200	-0.0100
8.8400	-0.0160
8.8600	-0.0210
8.8800	-0.0260
8.9000	-0.0310
8.9200	-0.0370
8.9400	-0.0410
8.9600	-0.0450
8.9800	-0.0490
9.0000	-0.0530
9.0200	-0.0570
9.0400	-0.0600
9.0600	-0.0620
9.0800	-0.0630
9.1000	-0.0650
9.1200	-0.0660
9.1400	-0.0650
9.1600	-0.0650
9.1800	-0.0640
9.2000	-0.0630
9.2200	-0.0610
9.2400	-0.0590
9.2600	-0.0550
9.2800	-0.0530
9.3000	-0.0490
9.3200	-0.0450
9.3400	-0.0400
9.3600	-0.0360
9.3800	-0.0310
9.4000	-0.0250
9.4200	-0.0210
9.4400	-0.0160
9.4600	-0.0100
9.4800	-0.0040
9.5000	0.0020
9.5200	0.0070
9.5400	0.0130
9.5600	0.0190
9.5800	0.0240
9.6000	0.0290
9.6200	0.0340
9.6400	0.0380
9.6600	0.0430
9.6800	0.0470
9.7000	0.0500
9.7200	0.0530
9.7400	0.0560
9.7600	0.0580
9.7800	0.0600
9.8000	0.0620
9.8200	0.0620
9.8400	0.0620
9.8600	0.0620
9.8800	0.0620
9.9000	0.0610
9.9200	0.0590
9.9400	0.0570
9.9600	0.0540
9.9800	0.0520
10.0000	0.0490
10.0200	0.0440
10.0400	0.0400
10.0600	0.0360
10.0800	0.0320
10.1000	0.0260
10.1200	0.0210
10.1400	0.0160
10.1600	0.0110
10.1800	0.0060
10.2000	0.0000
10.2200	-0.0050
10.2400	-0.0100
10.2600	-0.0160
10.2800	-0.0210
10.3000	-0.0240
10.3200	-0.0290
10.3400	-0.0330
10.3600	-0.0380
10.3800	-0.0410
10.4000	-0.0450
10.4200	-0.0490
10.4400	-0.0510
10.4600	-0.0530
10.4800	-0.0550
10.5000	-0.0570
10.5200	-0.0580
10.5400	-0.0580
10.5600	-0.0580
10.5800	-0.0570
10.6000	-0.0560
10.6200	-0.0550
10.6400	-0.0530
10.6600	-0.0510
10.6800	-0.0490
10.7000	-0.0460
10.7200	-0.0420
10.7400	-0.0380
10.7600	-0.0340
10.7800	-0.0300
10.8000	-0.0260
10.8200	-0.0210
10.8400	-0.0170
10.8600	-0.0120
10.8800	-0.0070
10.9000	-0.0020
10.9200	0.0040
10.9400	0.0080
10.9600	0.0130
10.9800	0.0180
11.0000	0.0230
11.0200	0.0270
11.0400	0.0310
11.0600	0.0350
11.0800	0.0390
11.1000	0.0420
11.1200	0.0450
11.1400	0.0480
11.1600	0.0510
11.1800	0.0520
11.2000	0.0540
11.2200	0.0550
11.2400	0.0550
11.2600	0.0550
11.2800	0.0550
11.3000	0.0550
11.3200	0.0530
11.3400	0.0520
11.3600	0.0500
11.3800	0.0480
11.4000	0.0450
11.4200	0.0420
11.4400	0.0380
11.4600	0.0350
11.4800	0.0310
11.5000	0.0260
11.5200	0.0220
11.5400	0.0180
11.5600	0.0130
11.5800	0.0080
11.6000	0.0040
11.6200	-0.0010
11.6400	-0.0060
11.6600	-0.0110
11.6800	-0.0150
11.7000	-0.0190
11.7200	-0.0230
11.7400	-0.0270
11.7600	-0.0300
11.7800	-0.0340
11.8000	-0.0370
11.8200	-0.0410
11.8400	-0.0440
11.8600	-0.0460
11.8800	-0.0480
11.9000	-0.0490
11.9200	-0.0500
11.9400	-0.0510
11.9600	-0.0510
11.9800	-0.0510
12.0000	-0.0510
12.0200	-0.0500
12.0400	-0.0480
12.0600	-0.0470
12.0800	-0.0450
12.1000	-0.0420
12.1200	-0.0390
12.1400	-0.0360
12.1600	-0.0330
12.1800	-0.0290
12.2000	-0.0250
12.2200	-0.0220
12.2400	-0.0180
12.2600	-0.0140
12.2800	-0.0090
12.3000	-0.0040
12.3200	0.0000
12.3400	0.0040
12.3600	0.0090
12.3800	0.0130
12.4000	0.0180
12.4200	0.0210
12.4400	0.0250
12.4600	0.0290
12.4800	0.0330
12.5000	0.0350
12.5200	0.0380
12.5400	0.0410
12.5600	0.0430
12.5800	0.0450
12.6000	0.0470
12.6200	0.0480
12.6400	0.0480
12.6600	0.0490
12.6800	0.0490
12.7000	0.0490
12.7200	0.0480
12.7400	0.0470
12.7600	0.0460
12.7800	0.0440
12.8000	0.0420
12.8200	0.0390
12.8400	0.0360
12.8600	0.0330
12.8800	0.0300
12.9000	0.0260
12.9200	0.0220
12.9400	0.0180
12.9600	0.0140
12.9800	0.0110
13.0000	0.0070
13.0200	0.0020
13.0400	-0.0020
13.0600	-0.0060
13.0800	-0.0100
13.1000	-0.0140
13.1200	-0.0170
13.1400	-0.0220
13.1600	-0.0250
13.1800	-0.0280
13.2000	-0.0310
13.2200	-0.0350
13.2400	-0.0370
13.2600	-0.0390
13.2800	-0.0420
13.3000	-0.0420
13.3200	-0.0440
13.3400	-0.0440
13.3600	-0.0450
13.3800	-0.0450
13.4000	-0.0450
13.4200	-0.0440
13.4400	-0.0440
13.4600	-0.0430
13.4800	-0.0410
13.5000	-0.0390
13.5200	-0.0360
13.5400	-0.0340
13.5600	-0.0310
13.5800	-0.0280
13.6000	-0.0250
13.6200	-0.0220
13.6400	-0.0190
13.6600	-0.0150
13.6800	-0.0110
13.7000	-0.0060
13.7200	-0.0020
13.7400	0.0010
13.7600	0.0050
13.7800	0.0090
13.8000	0.0130
13.8200	0.0160
13.8400	0.0200
13.8600	0.0240
13.8800	0.0270
13.9000	0.0300
13.9200	0.0320
13.9400	0.0350
13.9600	0.0370
13.9800	0.0400
14.0000	0.0410
14.0200	0.0420
14.0400	0.0420
14.0600	0.0440
14.0800	0.0440
14.1000	0.0430
14.1200	0.0430
14.1400	0.0430
14.1600	0.0410
14.1800	0.0400
14.2000	0.0390
14.2200	0.0360
14.2400	0.0340
14.2600	0.0320
14.2800	0.0290
14.3000	0.0250
14.3200	0.0220
14.3400	0.0190
14.3600	0.0160
14.3800	0.0130
14.4000	0.0080
14.4200	0.0040
14.4400	0.0000
14.4600	-0.0030
14.4800	-0.0070
14.5000	-0.0090
14.5200	-0.0130
14.5400	-0.0170
14.5600	-0.0200
14.5800	-0.0230
14.6000	-0.0260
14.6200	-0.0290
14.6400	-0.0310
14.6600	-0.0340
14.6800	-0.0360
14.7000	-0.0370
14.7200	-0.0380
14.7400	-0.0390
14.7600	-0.0400
14.7800	-0.0400
14.8000	-0.0390
14.8200	-0.0400
14.8400	-0.0390
14.8600	-0.0390
14.8800	-0.0380
14.9000	-0.0350
14.9200	-0.0340
14.9400	-0.0310
14.9600	-0.0290
14.9800	-0.0260
15.0000	-0.0240
15.0200	-0.0220
15.0400	-0.0190
15.0600	-0.0160
15.0800	-0.0130
15.1000	-0.0080
15.1200	-0.0040
15.1400	-0.0020
15.1600	0.0020
15.1800	0.0060
15.2000	0.0090
15.2200	0.0120
15.2400	0.0150
15.2600	0.0190
15.2800	0.0220
15.3000	0.0240
15.3200	0.0270
15.3400	0.0300
15.3600	0.0320
15.3800	0.0340
15.4000	0.0350
15.4200	0.0360
15.4400	0.0370
15.4600	0.0380
15.4800	0.0390
15.5000	0.0380
15.5200	0.0390
15.5400	0.0380
15.5600	0.0370
15.5800	0.0370
15.6000	0.0360
15.6200	0.0340
15.6400	0.0320
15.6600	0.0300
15.6800	0.0270
15.7000	0.0240
15.7200	0.0220
15.7400	0.0190
15.7600	0.0160
15.7800	0.0130
15.8000	0.0100
15.8200	0.0060
15.8400	0.0030
15.8600	-0.0000
15.8800	-0.0040
15.9000	-0.0060
15.9200	-0.0090
15.9400	-0.0130
15.9600	-0.0160
15.9800	-0.0180
16.0000	-0.0210
16.0200	-0.0240
16.0400	-0.0270
16.0600	-0.0290
16.0800	-0.0310
16.1000	-0.0310
16.1200	-0.0330
16.1400	-0.0340
16.1600	-0.0340
16.1800	-0.0350
16.2000	-0.0350
16.2200	-0.0360
16.2400	-0.0350
16.2600	-0.0350
16.2800	-0.0340
16.3000	-0.0320
16.3200	-0.0300
16.3400	-0.0290
16.3600	-0.0270
16.3800	-0.0250
16.4000	-0.0230
16.4200	-0.0210
16.4400	-0.0190
16.4600	-0.0160
16.4800	-0.0130
16.5000	-0.0090
16.5200	-0.0060
16.5400	-0.0030
16.5600	-0.0000
16.5800	0.0030
16.6000	0.0060
16.6200	0.0080
16.6400	0.0120
16.6600	0.0150
16.6800	0.0180
16.7000	0.0200
16.7200	0.0220
16.7400	0.0250
16.7600	0.0270
16.7800	0.0290
16.8000	0.0300
16.8200	0.0310
16.8400	0.0320
16.8600	0.0330
16.8800	0.0330
16.9000	0.0330
16.9200	0.0340
16.9400	0.0340
16.9600	0.0330
16.9800	0.0330
17.0000	0.0320
17.0200	0.0300
17.0400	0.0280
17.0600	0.0270
17.0800	0.0250
17.1000	0.0230
17.1200	0.0200
17.1400	0.0180
17.1600	0.0160
17.1800	0.0130
17.2000	0.0110
17.2200	0.0070
17.2400	0.0040
17.2600	0.0020
17.2800	-0.0010
17.3000	-0.0030
17.3200	-0.0060
17.3400	-0.0090
17.3600	-0.0120
17.3800	-0.0140
17.4000	-0.0170
17.4200	-0.0190
17.4400	-0.0210
17.4600	-0.0240
17.4800	-0.0250
17.5000	-0.0260
17.5200	-0.0270
17.5400	-0.0280
17.5600	-0.0290
17.5800	-0.0300
17.6000	-0.0300
17.6200	-0.0310
17.6400	-0.0310
17.6600	-0.0310
17.6800	-0.0300
17.7000	-0.0280
17.7200	-0.0280
17.7400	-0.0260
17.7600	-0.0240
17.7800	-0.0230
17.8000	-0.0210
17.8200	-0.0200
17.8400	-0.0180
17.8600	-0.0150
17.8800	-0.0130
17.9000	-0.0090
17.9200	-0.0070
17.9400	-0.0050
17.9600	-0.0020
17.9800	0.0000
18.0000	0.0020
18.0200	0.0050
18.0400	0.0070
18.0600	0.0110
18.0800	0.0130
18.1000	0.0150
18.1200	0.0170
18.1400	0.0200
18.1600	0.0210
18.1800	0.0230
18.2000	0.0250
18.2200	0.0250
18.2400	0.0260
18.2600	0.0280
18.2800	0.0290
18.3000	0.0280
18.3200	0.0290
18.3400	0.0290
18.3600	0.0280
18.3800	0.0280
18.4000	0.0280
18.4200	0.0260
18.4400	0.0250
18.4600	0.0240
18.4800	0.0230
18.5000	0.0210
18.5200	0.0190
18.5400	0.0180
18.5600	0.0160
18.5800	0.0140
18.6000	0.0120
18.6200	0.0090
18.6400	0.0070
18.6600	0.0050
18.6800	0.0030
18.7000	0.0010
18.7200	-0.0000
18.7400	-0.0030
18.7600	-0.0050
18.7800	-0.0070
18.8000	-0.0090
18.8200	-0.0120
18.8400	-0.0130
18.8600	-0.0150
18.8800	-0.0160
18.9000	-0.0170
18.9200	-0.0180
18.9400	-0.0190
18.9600	-0.0190
18.9800	-0.0200
19.0000	-0.0210
19.0200	-0.0220
19.0400	-0.0220
19.0600	-0.0220
19.0800	-0.0220
19.1000	-0.0200
19.1200	-0.0200
19.1400	-0.0190
19.1600	-0.0180
19.1800	-0.0180
19.2000	-0.0170
19.2200	-0.0170
19.2400	-0.0160
19.2600	-0.0140
19.2800	-0.0120
19.3000	-0.0090
19.3200	-0.0080
19.3400	-0.0070
19.3600	-0.0050
19.3800	-0.0030
19.4000	-0.0020
19.4200	-0.0000
19.4400	0.0010
19.4600	0.0030
19.4800	0.0050
19.5000	0.0070
19.5200	0.0090
19.5400	0.0100
19.5600	0.0120
19.5800	0.0130
19.6000	0.0140
19.6200	0.0150
19.6400	0.0160
19.6600	0.0180
19.6800	0.0180
19.7000	0.0180
19.7200	0.0190
19.7400	0.0190
19.7600	0.0200
19.7800	0.0200
19.8000	0.0190
19.8200	0.0180
19.8400	0.0180
19.8600	0.0180
19.8800	0.0180
19.9000	0.0160
19.9200	0.0150
19.9400	0.0140
19.9600	0.0130
19.9800	0.0120
20.0000	0.0110
20.0200	0.0090
20.0400	0.0070
20.0600	0.0060
20.0800	0.0040
20.1000	0.0030
20.1200	0.0010
20.1400	-0.0010
20.1600	-0.0020
20.1800	-0.0040
20.2000	-0.0060
20.2200	-0.0080
20.2400	-0.0090
20.2600	-0.0100
20.2800	-0.0110
20.3000	-0.0110
20.3200	-0.0130
20.3400	-0.0140
20.3600	-0.0150
20.3800	-0.0160
20.4000	-0.0170
20.4200	-0.0180
20.4400	-0.0180
20.4600	-0.0180
20.4800	-0.0180
20.5000	-0.0170
20.5200	-0.0170
20.5400	-0.0170
20.5600	-0.0160
20.5800	-0.0160
20.6000	-0.0150
20.6200	-0.0150
20.6400	-0.0140
20.6600	-0.0130
20.6800	-0.0120
20.7000	-0.0090
20.7200	-0.0080
20.7400	-0.0070
20.7600	-0.0060
20.7800	-0.0040
20.8000	-0.0020
20.8200	-0.0010
20.8400	-0.0000
20.8600	0.0020
20.8800	0.0040
20.9000	0.0050
20.9200	0.0070
20.9400	0.0080
20.9600	0.0090
20.9800	0.0100
21.0000	0.0120
21.0200	0.0120
21.0400	0.0130
21.0600	0.0150
21.0800	0.0160
21.1000	0.0160
21.1200	0.0160
21.1400	0.0170
21.1600	0.0170
21.1800	0.0180
21.2000	0.0170
21.2200	0.0170
21.2400	0.0160
21.2600	0.0160
21.2800	0.0160
21.3000	0.0150
21.3200	0.0140
21.3400	0.0140
21.3600	0.0120
21.3800	0.0110
21.4000	0.0100
21.4200	0.0080
21.4400	0.0070
21.4600	0.0060
21.4800	0.0050
21.5000	0.0040
21.5200	0.0020
21.5400	0.0000
21.5600	-0.0010
21.5800	-0.0020
21.6000	-0.0040
21.6200	-0.0060
21.6400	-0.0070
21.6600	-0.0080
21.6800	-0.0090
21.7000	-0.0100
21.7200	-0.0110
21.7400	-0.0120
21.7600	-0.0120
21.7800	-0.0130
21.8000	-0.0140
21.8200	-0.0160
21.8400	-0.0160
21.8600	-0.0160
21.8800	-0.0160
21.9000	-0.0150
21.9200	-0.0150
21.9400	-0.0150
21.9600	-0.0140
21.9800	-0.0150
22.0000	-0.0140
22.0200	-0.0140
22.0400	-0.0130
22.0600	-0.0110
22.0800	-0.0100
22.1000	-0.0090
22.1200	-0.0080
22.1400	-0.0070
22.1600	-0.0060
22.1800	-0.0050
22.2000	-0.0040
22.2200	-0.0030
22.2400	-0.0010
22.2600	0.0010
22.2800	0.0020
22.3000	0.0040
22.3200	0.0050
22.3400	0.0060
22.3600	0.0070
22.3800	0.0090
22.4000	0.0100
22.4200	0.0100
22.4400	0.0110
22.4600	0.0130
22.4800	0.0130
22.5000	0.0140
22.5200	0.0140
22.5400	0.0150
22.5600	0.0150
22.5800	0.0150
22.6000	0.0150
22.6200	0.0150
22.6400	0.0150
22.6600	0.0150
22.6800	0.0150
22.7000	0.0140
22.7200	0.0130
22.7400	0.0120
22.7600	0.0110
22.7800	0.0100
22.8000	0.0090
22.8200	0.0080
22.8400	0.0070
22.8600	0.0060
22.8800	0.0050
22.9000	0.0040
22.9200	0.0030
22.9400	0.0010
22.9600	0.0000
22.9800	-0.0010
23.0000	-0.0030
23.0200	-0.0050
23.0400	-0.0060
23.0600	-0.0060
23.0800	-0.0070
23.1000	-0.0080
23.1200	-0.0090
23.1400	-0.0100
23.1600	-0.0110
23.1800	-0.0110
23.2000	-0.0120
23.2200	-0.0140
23.2400	-0.0140
23.2600	-0.0140
23.2800	-0.0140
23.3000	-0.0130
23.3200	-0.0130
23.3400	-0.0140
23.3600	-0.0130
23.3800	-0.0130
23.4000	-0.0130
23.4200	-0.0130
23.4400	-0.0120
23.4600	-0.0110
23.4800	-0.0100
23.5000	-0.0080
23.5200	-0.0070
23.5400	-0.0070
23.5600	-0.0060
23.5800	-0.0050
23.6000	-0.0040
23.6200	-0.0030
23.6400	-0.0020
23.6600	0.0000
23.6800	0.0010
23.7000	0.0030
23.7200	0.0040
23.7400	0.0050
23.7600	0.0060
23.7800	0.0070
23.8000	0.0080
23.8200	0.0080
23.8400	0.0090
23.8600	0.0110
23.8800	0.0120
23.9000	0.0120
23.9200	0.0120
23.9400	0.0130
23.9600	0.0130
23.9800	0.0140
24.0000	0.0140
24.0200	0.0130
24.0400	0.0130
24.0600	0.0130
24.0800	0.0130
24.1000	0.0120
24.1200	0.0120
24.1400	0.0110
24.1600	0.0110
24.1800	0.0100
24.2000	0.0090
24.2200	0.0080
24.2400	0.0070
24.2600	0.0060
24.2800	0.0050
24.3000	0.0040
24.3200	0.0030
24.3400	0.0020
24.3600	0.0010
24.3800	-0.0000
24.4000	-0.0010
24.4200	-0.0030
24.4400	-0.0050
24.4600	-0.0040
24.4800	-0.0060
24.5000	-0.0060
24.5200	-0.0070
24.5400	-0.0080
24.5600	-0.0090
24.5800	-0.0100
24.6000	-0.0110
24.6200	-0.0120
24.6400	-0.0120
24.6600	-0.0120
24.6800	-0.0130
24.7000	-0.0110
24.7200	-0.0110
24.7400	-0.0120
24.7600	-0.0120
24.7800	-0.0120
24.8000	-0.0110
24.8200	-0.0120
24.8400	-0.0110
24.8600	-0.0100
24.8800	-0.0090
24.9000	-0.0080
24.9200	-0.0070
24.9400	-0.0070
24.9600	-0.0060
24.9800	-0.0050
25.0000	-0.0040
25.0200	-0.0040
25.0400	-0.0020
25.0600	-0.0010
25.0800	0.0000
25.1000	0.0020
25.1200	0.0030
25.1400	0.0030
25.1600	0.0040
25.1800	0.0060
25.2000	0.0070
25.2200	0.0070
25.2400	0.0080
25.2600	0.0090
25.2800	0.0100
25.3000	0.0100
25.3200	0.0110
25.3400	0.0110
25.3600	0.0120
25.3800	0.0120
25.4000	0.0120
25.4200	0.0110
25.4400	0.0120
25.4600	0.0120
25.4800	0.0120
25.5000	0.0110
25.5200	0.0110
25.5400	0.0110
25.5600	0.0100
25.5800	0.0090
25.6000	0.0090
25.6200	0.0070
25.6400	0.0070
25.6600	0.0060
25.6800	0.0050
25.7000	0.0050
25.7200	0.0040
25.7400	0.0020
25.7600	0.0010
25.7800	0.0000
25.8000	-0.0010
25.8200	-0.0030
25.8400	-0.0030
25.8600	-0.0040
25.8800	-0.0040
25.9000	-0.0040
25.9200	-0.0060
25.9400	-0.0070
25.9600	-0.0080
25.9800	-0.0080
26.0000	-0.0090
26.0200	-0.0100
26.0400	-0.0110
26.0600	-0.0110
26.0800	-0.0110
26.1000	-0.0100
26.1200	-0.0100
26.1400	-0.0110
26.1600	-0.0110
26.1800	-0.0100
26.2000	-0.0110
26.2200	-0.0100
26.2400	-0.0100
26.2600	-0.0090
26.2800	-0.0090
26.3000	-0.0070
26.3200	-0.0070
26.3400	-0.0070
26.3600	-0.0060
26.3800	-0.0050
26.4000	-0.0040
26.4200	-0.0030
26.4400	-0.0030
26.4600	-0.0010
26.4800	-0.0000
26.5000	0.0010
26.5200	0.0020
26.5400	0.0030
26.5600	0.0030
26.5800	0.0040
26.6000	0.0050
26.6200	0.0060
26.6400	0.0060
26.6600	0.0080
26.6800	0.0080
26.7000	0.0090
26.7200	0.0090
26.7400	0.0090
26.7600	0.0100
26.7800	0.0100
26.8000	0.0100
26.8200	0.0100
26.8400	0.0100
26.8600	0.0110
26.8800	0.0110
26.9000	0.0100
26.9200	0.0100
26.9400	0.0100
26.9600	0.0090
26.9800	0.0090
27.0000	0.0080
27.0200	0.0080
27.0400	0.0060
27.0600	0.0060
27.0800	0.0050
27.1000	0.0050
27.1200	0.0040
27.1400	0.0030
27.1600	0.0020
27.1800	0.0010
27.2000	-0.0000
27.2200	-0.0020
27.2400	-0.0020
27.2600	-0.0020
27.2800	-0.0040
27.3000	-0.0040
27.3200	-0.0040
27.3400	-0.0060
27.3600	-0.0070
27.3800	-0.0070
27.4000	-0.0070
27.4200	-0.0090
27.4400	-0.0090
27.4600	-0.0090
27.4800	-0.0100
27.5000	-0.0090
27.5200	-0.0090
27.5400	-0.0090
27.5600	-0.0090
27.5800	-0.0100
27.6000	-0.0090
27.6200	-0.0090
27.6400	-0.0100
27.6600	-0.0080
27.6800	-0.0080
27.7000	-0.0060
27.7200	-0.0060
27.7400	-0.0060
27.7600	-0.0060
27.7800	-0.0050
27.8000	-0.0040
27.8200	-0.0040
27.8400	-0.0030
27.8600	-0.0020
27.8800	-0.0010
27.9000	0.0010
27.9200	0.0010
27.9400	0.0020
27.9600	0.0020
27.9800	0.0030
28.0000	0.0050
28.0200	0.0050
28.0400	0.0050
28.0600	0.0060
28.0800	0.0070
28.1000	0.0080
28.1200	0.0080
28.1400	0.0080
28.1600	0.0090
28.1800	0.0090
28.2000	0.0090
28.2200	0.0090
28.2400	0.0090
28.2600	0.0100
28.2800	0.0100
28.3000	0.0100
28.3200	0.0090
28.3400	0.0090
28.3600	0.0080
28.3800	0.0080
28.4000	0.0080
28.4200	0.0070
28.4400	0.0060
28.4600	0.0060
28.4800	0.0050
28.5000	0.0050
28.5200	0.0040
28.5400	0.0030
28.5600	0.0020
28.5800	0.0010
28.6000	0.0010
28.6200	-0.0010
28.6400	-0.0020
28.6600	-0.0010
28.6800	-0.0030
28.7000	-0.0030
28.7200	-0.0040
28.7400	-0.0040
28.7600	-0.0050
28.7800	-0.0060
28.8000	-0.0060
28.8200	-0.0070
28.8400	-0.0080
28.8600	-0.0080
28.8800	-0.0080
28.9000	-0.0070
28.9200	-0.0080
28.9400	-0.0080
28.9600	-0.0080
28.9800	-0.0080
29.0000	-0.0090
29.0200	-0.0090
29.0400	-0.0090
29.0600	-0.0080
29.0800	-0.0070
29.1000	-0.0060
29.1200	-0.0060
29.1400	-0.0060
29.1600	-0.0060
29.1800	-0.0050
29.2000	-0.0040
29.2200	-0.0040
29.2400	-0.0030
29.2600	-0.0020
29.2800	-0.0010
29.3000	-0.0000
29.3200	0.0010
29.3400	0.0010
29.3600	0.0010
29.3800	0.0030
29.4000	0.0030
29.4200	0.0040
29.4400	0.0040
29.4600	0.0050
29.4800	0.0060
29.5000	0.0070
29.5200	0.0070
29.5400	0.0060
29.5600	0.0070
29.5800	0.0080
29.6000	0.0090
29.6200	0.0080
29.6400	0.0080
29.6600	0.0080
29.6800	0.0090
29.7000	0.0080
29.7200	0.0080
29.7400	0.0080
29.7600	0.0080
29.7800	0.0070
29.8000	0.0070
29.8200	0.0060
29.8400	0.0060
29.8600	0.0060
29.8800	0.0050
29.9000	0.0050
29.9200	0.0040
29.9400	0.0030
29.9600	0.0020
29.9800	0.0020
30.0000	0.0010
30.0200	-0.0000
30.0400	-0.0010
30.0600	-0.0010
30.0800	-0.0020
30.1000	-0.0020
30.1200	-0.0030
30.1400	-0.0040
30.1600	-0.0040
30.1800	-0.0050
30.2000	-0.0050
30.2200	-0.0070
30.2400	-0.0070
30.2600	-0.0070
30.2800	-0.0070
30.3000	-0.0070
30.3200	-0.0070
30.3400	-0.0070
30.3600	-0.0070
30.3800	-0.0070
30.4000	-0.0070
30.4200	-0.0080
30.4400	-0.0080
30.4600	-0.0070
30.4800	-0.0070
30.5000	-0.0050
30.5200	-0.0050
30.5400	-0.0050
30.5600	-0.0050
30.5800	-0.0040
30.6000	-0.0040
30.6200	-0.0040
30.6400	-0.0030
30.6600	-0.0020
30.6800	-0.0010
30.7000	-0.0010
30.7200	0.0000
30.7400	0.0010
30.7600	0.0010
30.7800	0.0020
30.8000	0.0030
30.8200	0.0030
30.8400	0.0030
30.8600	0.0050
30.8800	0.0050
30.9000	0.0050
30.9200	0.0060
30.9400	0.0060
30.9600	0.0060
30.9800	0.0070
31.0000	0.0070
31.0200	0.0060
31.0400	0.0070
31.0600	0.0080
31.0800	0.0080
31.1000	0.0080
31.1200	0.0070
31.1400	0.0070
31.1600	0.0070
31.1800	0.0070
31.2000	0.0060
31.2200	0.0060
31.2400	0.0050
31.2600	0.0050
31.2800	0.0050
31.3000	0.0040
31.3200	0.0040
31.3400	0.0030
31.3600	0.0020
31.3800	0.0020
31.4000	0.0010
31.4200	-0.0000
31.4400	-0.0000
31.4600	-0.0010
31.4800	-0.0010
31.5000	-0.0010
31.5200	-0.0020
31.5400	-0.0030
31.5600	-0.0030
31.5800	-0.0040
31.6000	-0.0040
31.6200	-0.0050
31.6400	-0.0060
31.6600	-0.0060
31.6800	-0.0060
31.7000	-0.0050
31.7200	-0.0060
31.7400	-0.0060
31.7600	-0.0070
31.7800	-0.0060
31.8000	-0.0070
31.8200	-0.0070
31.8400	-0.0070
31.8600	-0.0070
31.8800	-0.0060
31.9000	-0.0050
31.9200	-0.0050
31.9400	-0.0050
31.9600	-0.0040
31.9800	-0.0040
32.0000	-0.0030
32.0200	-0.0040
32.0400	-0.0030
32.0600	-0.0020
32.0800	-0.0020
32.1000	-0.0010
32.1200	-0.0000
32.1400	0.0000
32.1600	0.0010
32.1800	0.0010
32.2000	0.0020
32.2200	0.0020
32.2400	0.0030
32.2600	0.0040
32.2800	0.0040
32.3000	0.0050
32.3200	0.0050
32.3400	0.0050
32.3600	0.0050
32.3800	0.0060
32.4000	0.0060
32.4200	0.0060
32.4400	0.0060
32.4600	0.0070
32.4800	0.0070
32.5000	0.0070
32.5200	0.0070
32.5400	0.0070
32.5600	0.0060
32.5800	0.0060
32.6000	0.0060
32.6200	0.0050
32.6400	0.0050
32.6600	0.0050
32.6800	0.0050
32.7000	0.0050
32.7200	0.0040
32.7400	0.0030
32.7600	0.0030
32.7800	0.0020
32.8000	0.0020
32.8200	0.0010
32.8400	-0.0000
32.8600	-0.0000
32.8800	-0.0000
32.9000	-0.0010
32.9200	-0.0010
32.9400	-0.0020
32.9600	-0.0030
32.9800	-0.0030
33.0000	-0.0040
33.0200	-0.0050
33.0400	-0.0050
33.0600	-0.0050
33.0800	-0.0050
33.1000	-0.0050
33.1200	-0.0050
33.1400	-0.0060
33.1600	-0.0050
33.1800	-0.0060
33.2000	-0.0060
33.2200	-0.0060
33.2400	-0.0070
33.2600	-0.0060
33.2800	-0.0060
33.3000	-0.0050
33.3200	-0.0040
33.3400	-0.0050
33.3600	-0.0040
33.3800	-0.0040
33.4000	-0.0040
33.4200	-0.0040
33.4400	-0.0030
33.4600	-0.0020
33.4800	-0.0020
33.5000	-0.0010
33.5200	-0.0000
33.5400	-0.0000
33.5600	0.0000
33.5800	0.0010
33.6000	0.0010
33.6200	0.0010
33.6400	0.0020
33.6600	0.0030
33.6800	0.0030
33.7000	0.0040
33.7200	0.0040
33.7400	0.0040
33.7600	0.0050
33.7800	0.0050
33.8000	0.0050
33.8200	0.0040
33.8400	0.0050
33.8600	0.0060
33.8800	0.0060
33.9000	0.0070
33.9200	0.0060
33.9400	0.0060
33.9600	0.0060
33.9800	0.0060
34.0000	0.0050
34.0200	0.0050
34.0400	0.0040
34.0600	0.0050
34.0800	0.0050
34.1000	0.0050
34.1200	0.0040
34.1400	0.0030
34.1600	0.0030
34.1800	0.0020
34.2000	0.0020
34.2200	0.0010
34.2400	0.0000
34.2600	0.0000
34.2800	-0.0000
34.3000	-0.0000
34.3200	-0.0010
34.3400	-0.0020
34.3600	-0.0020
34.3800	-0.0030
34.4000	-0.0030
34.4200	-0.0040
34.4400	-0.0040
34.4600	-0.0040
34.4800	-0.0040
34.5000	-0.0040
34.5200	-0.0040
34.5400	-0.0050
34.5600	-0.0050
34.5800	-0.0050
34.6000	-0.0050
34.6200	-0.0060
34.6400	-0.0050
34.6600	-0.0050
34.6800	-0.0050
34.7000	-0.0040
34.7200	-0.0040
34.7400	-0.0040
34.7600	-0.0040
34.7800	-0.0040
34.8000	-0.0040
34.8200	-0.0040
34.8400	-0.0030
34.8600	-0.0020
34.8800	-0.0020
34.9000	-0.0010
34.9200	-0.0000
34.9400	-0.0010
34.9600	-0.0000
34.9800	0.0010
35.0000	0.0010
35.0200	0.0010
35.0400	0.0010
35.0600	0.0020
35.0800	0.0020
35.1000	0.0030
35.1200	0.0040
35.1400	0.0040
35.1600	0.0040
35.1800	0.0050
35.2000	0.0050
35.2200	0.0040
35.2400	0.0040
35.2600	0.0050
35.2800	0.0050
35.3000	0.0060
35.3200	0.0060
35.3400	0.0050
35.3600	0.0050
35.3800	0.0050
35.4000	0.0050
35.4200	0.0040
35.4400	0.0040
35.4600	0.0050
35.4800	0.0040
35.5000	0.0040
35.5200	0.0040
35.5400	0.0030
35.5600	0.0020
35.5800	0.0020
35.6000	0.0010
35.6200	0.0010
35.6400	0.0000
35.6600	0.0010
35.6800	0.0000
35.7000	0.0000
35.7200	-0.0000
35.7400	-0.0010
35.7600	-0.0020
35.7800	-0.0020
35.8000	-0.0020
35.8200	-0.0030
35.8400	-0.0040
35.8600	-0.0030
35.8800	-0.0040
35.9000	-0.0030
35.9200	-0.0040
35.9400	-0.0040
35.9600	-0.0040
35.9800	-0.0050
36.0000	-0.0050
36.0200	-0.0050
36.0400	-0.0050
36.0600	-0.0050
36.0800	-0.0040
36.1000	-0.0040
36.1200	-0.0040
36.1400	-0.0040
36.1600	-0.0040
36.1800	-0.0030
36.2000	-0.0030
36.2200	-0.0040
36.2400	-0.0030
36.2600	-0.0020
36.2800	-0.0020
36.3000	-0.0010
36.3200	-0.0010
36.3400	-0.0010
36.3600	-0.0000
36.3800	-0.0000
36.4000	0.0000
36.4200	0.0000
36.4400	0.0010
36.4600	0.0020
36.4800	0.0020
36.5000	0.0030
36.5200	0.0030
36.5400	0.0030
36.5600	0.0040
36.5800	0.0040
36.6000	0.0040
36.6200	0.0040
36.6400	0.0040
36.6600	0.0040
36.6800	0.0040
36.7000	0.0050
36.7200	0.0050
36.7400	0.0050
36.7600	0.0050
36.7800	0.0050
36.8000	0.0040
36.8200	0.0040
36.8400	0.0040
36.8600	0.0040
36.8800	0.0040
36.9000	0.0040
36.9200	0.0040
36.9400	0.0030
36.9600	0.0030
36.9800	0.0020
37.0000	0.0020
37.0200	0.0010
37.0400	0.0010
37.0600	0.0010
37.0800	0.0000
37.1000	0.0000
37.1200	-0.0000
37.1400	-0.0010
37.1600	-0.0010
37.1800	-0.0010
37.2000	-0.0020
37.2200	-0.0030
37.2400	-0.0030
37.2600	-0.0030
37.2800	-0.0030
37.3000	-0.0030
37.3200	-0.0030
37.3400	-0.0040
37.3600	-0.0040
37.3800	-0.0040
37.4000	-0.0040
37.4200	-0.0040
37.4400	-0.0040
37.4600	-0.0040
37.4800	-0.0040
37.5000	-0.0030
37.5200	-0.0030
37.5400	-0.0040
37.5600	-0.0040
37.5800	-0.0030
37.6000	-0.0040
37.6200	-0.0030
37.6400	-0.0030
37.6600	-0.0020
37.6800	-0.0010
37.7000	-0.0010
37.7200	-0.0010
37.7400	-0.0010
37.7600	-0.0000
37.7800	-0.0000
37.8000	0.0000
37.8200	0.0000
37.8400	0.0000
37.8600	0.0010
37.8800	0.0020
37.9000	0.0030
37.9200	0.0030
37.9400	0.0030
37.9600	0.0030
37.9800	0.0040
38.0000	0.0030
38.0200	0.0030
38.0400	0.0040
38.0600	0.0040
38.0800	0.0040
38.1000	0.0040
38.1200	0.0050
38.1400	0.0040
38.1600	0.0040
38.1800	0.0040
38.2000	0.0040
38.2200	0.0040
38.2400	0.0030
38.2600	0.0030
38.2800	0.0040
38.3000	0.0040
38.3200	0.0030
38.3400	0.0020
38.3600	0.0030
38.3800	0.0020
38.4000	0.0020
38.4200	0.0010
38.4400	0.0010
38.4600	0.0010
38.4800	0.0010
38.5000	0.0010
38.5200	0.0000
38.5400	-0.0010
38.5600	-0.0010
38.5800	-0.0010
38.6000	-0.0010
38.6200	-0.0020
38.6400	-0.0030
38.6600	-0.0020
38.6800	-0.0030
38.7000	-0.0020
38.7200	-0.0020
38.7400	-0.0030
38.7600	-0.0030
38.7800	-0.0030
38.8000	-0.0040
38.8200	-0.0040
38.8400	-0.0040
38.8600	-0.0040
38.8800	-0.0030
38.9000	-0.0030
38.9200	-0.0030
38.9400	-0.0040
38.9600	-0.0030
38.9800	-0.0030
39.0000	-0.0030
39.0200	-0.0030
39.0400	-0.0030
39.0600	-0.0020
39.0800	-0.0020
39.1000	-0.0010
39.1200	-0.0010
39.1400	-0.0010
39.1600	-0.0000
39.1800	-0.0000
39.2000	0.0000
39.2200	-0.0000
39.2400	-0.0000
39.2600	0.0010
39.2800	0.0010
39.3000	0.0020
39.3200	0.0020
39.3400	0.0020
39.3600	0.0020
39.3800	0.0030
39.4000	0.0030
39.4200	0.0030
39.4400	0.0030
39.4600	0.0040
39.4800	0.0040
39.5000	0.0040
39.5200	0.0040
39.5400	0.0040
39.5600	0.0030
39.5800	0.0040
39.6000	0.0040
39.6200	0.0030
39.6400	0.0030
39.6600	0.0030
39.6800	0.0030
39.7000	0.0040
39.7200	0.0030
39.7400	0.0030
39.7600	0.0020
39.7800	0.0010
39.8000	0.0020
39.8200	0.0010
39.8400	0.0010
39.8600	0.0010
39.8800	0.0010
39.9000	0.0010
39.9200	0.0010
39.9400	0.0000
39.9600	-0.0000
39.9800	-0.0010
40.0000	-0.0010
40.0200	-0.0020
40.0400	-0.0020
40.0600	-0.0020
40.0800	-0.0020
40.1000	-0.0020
40.1200	-0.0020
40.1400	-0.0030
40.1600	-0.0030
40.1800	-0.0030
40.2000	-0.0030
40.2200	-0.0030
40.2400	-0.0040
40.2600	-0.0030
40.2800	-0.0030
40.3000	-0.0030
40.3200	-0.0020
40.3400	-0.0030
40.3600	-0.0030
40.3800	-0.0030
40.4000	-0.0020
40.4200	-0.0030
40.4400	-0.0020
40.4600	-0.0020
40.4800	-0.0010
40.5000	-0.0010
40.5200	-0.0010
40.5400	-0.0010
40.5600	-0.0010
40.5800	-0.0000
40.6000	-0.0000
40.6200	-0.0010
40.6400	-0.0000
40.6600	0.0010
40.6800	0.0010
40.7000	0.0010
40.7200	0.0010
40.7400	0.0020
40.7600	0.0020
40.7800	0.0020
40.8000	0.0020
40.8200	0.0020
40.8400	0.0020
40.8600	0.0030
40.8800	0.0030
40.9000	0.0030
40.9200	0.0040
40.9400	0.0030
40.9600	0.0030
40.9800	0.0030
41.0000	0.0030
41.0200	0.0030
41.0400	0.0030
41.0600	0.0030
41.0800	0.0030
41.1000	0.0030
41.1200	0.0030
41.1400	0.0030
41.1600	0.0020
41.1800	0.0020
41.2000	0.0020
41.2200	0.0010
41.2400	0.0010
41.2600	0.0010
41.2800	0.0010
41.3000	0.0010
41.3200	0.0010
41.3400	-0.0000
41.3600	0.0000
41.3800	-0.0000
41.4000	-0.0010
41.4200	-0.0020
41.4400	-0.0020
41.4600	-0.0010
41.4800	-0.0020
41.5000	-0.0010
41.5200	-0.0020
41.5400	-0.0020
41.5600	-0.0020
41.5800	-0.0020
41.6000	-0.0030
41.6200	-0.0030
41.6400	-0.0030
41.6600	-0.0030
41.6800	-0.0030
41.7000	-0.0020
41.7200	-0.0020
41.7400	-0.0030
41.7600	-0.0030
41.7800	-0.0020
41.8000	-0.0020
41.8200	-0.0030
41.8400	-0.0030
41.8600	-0.0020
41.8800	-0.0020
41.9000	-0.0010
41.9200	-0.0000
41.9400	-0.0010
41.9600	-0.0010
41.9800	0.0000
42.0000	-0.0000
42.0200	-0.0000
42.0400	-0.0000
42.0600	0.0010
42.0800	0.0010
42.1000	0.0010
42.1200	0.0010
42.1400	0.0020
42.1600	0.0020
42.1800	0.0020
42.2000	0.0020
42.2200	0.0020
42.2400	0.0020
42.2600	0.0030
42.2800	0.0030
42.3000	0.0030
42.3200	0.0030
42.3400	0.0030
42.3600	0.0030
42.3800	0.0030
42.4000	0.0030
42.4200	0.0030
42.4400	0.0020
42.4600	0.0030
42.4800	0.0030
42.5000	0.0030
42.5200	0.0030
42.5400	0.0020
42.5600	0.0020
42.5800	0.0020
42.6000	0.0020
42.6200	0.0010
42.6400	0.0010
42.6600	0.0020
42.6800	0.0010
42.7000	0.0010
42.7200	0.0010
42.7400	0.0000
42.7600	0.0000
42.7800	-0.0010
42.8000	-0.0010
42.8200	-0.0010
42.8400	-0.0020
42.8600	-0.0010
42.8800	-0.0020
42.9000	-0.0010
42.9200	-0.0010
42.9400	-0.0020
42.9600	-0.0020
42.9800	-0.0020
43.0000	-0.0020
43.0200	-0.0030
43.0400	-0.0030
43.0600	-0.0030
43.0800	-0.0020
43.1000	-0.0020
43.1200	-0.0020
43.1400	-0.0020
43.1600	-0.0030
43.1800	-0.0020
43.2000	-0.0020
43.2200	-0.0030
43.2400	-0.0020
43.2600	-0.0020
43.2800	-0.0020
43.3000	-0.0010
43.3200	-0.0000
43.3400	-0.0010
43.3600	-0.0010
43.3800	-0.0010
43.4000	-0.0000
43.4200	-0.0000
43.4400	-0.0000
43.4600	0.0010
43.4800	0.0010
43.5000	0.0010
43.5200	0.0010
43.5400	0.0010
43.5600	0.0010
43.5800	0.0010
43.6000	0.0020
43.6200	0.0010
43.6400	0.0020
43.6600	0.0020
43.6800	0.0020
43.7000	0.0030
43.7200	0.0030
43.7400	0.0020
43.7600	0.0030
43.7800	0.0030
43.8000	0.0030
43.8200	0.0020
43.8400	0.0020
43.8600	0.0030
43.8800	0.0020
43.9000	0.0030
43.9200	0.0030
43.9400	0.0020
43.9600	0.0020
43.9800	0.0020
44.0000	0.0020
44.0200	0.0010
44.0400	0.0010
44.0600	0.0010
44.0800	0.0010
44.1000	0.0010
44.1200	0.0010
44.1400	0.0000
44.1600	0.0000
44.1800	0.0000
44.2000	0.0000
44.2200	-0.0020
44.2400	-0.0010
44.2600	-0.0010
44.2800	-0.0010
44.3000	-0.0010
44.3200	-0.0010
44.3400	-0.0020
44.3600	-0.0020
44.3800	-0.0020
44.4000	-0.0020
44.4200	-0.0030
44.4400	-0.0030
44.4600	-0.0020
44.4800	-0.0020
44.5000	-0.0020
44.5200	-0.0020
44.5400	-0.0020
44.5600	-0.0020
44.5800	-0.0020
44.6000	-0.0020
44.6200	-0.0020
44.6400	-0.0020
44.6600	-0.0010
44.6800	-0.0010
44.7000	-0.0010
44.7200	-0.0010
44.7400	-0.0010
44.7600	-0.0010
44.7800	-0.0010
