LDM 42E measurement:
Do, 4. Mai 2017
10:34:39
0.0200	-0.0350
0.0400	-0.0370
0.0600	-0.0400
0.0800	0.0330
0.1000	0.0300
0.1200	0.0250
0.1400	0.0220
0.1600	0.0190
0.1800	0.0140
0.2000	0.0100
0.2200	0.0060
0.2400	0.0010
0.2600	-0.0030
0.2800	-0.0070
0.3000	-0.0110
0.3200	-0.0140
0.3400	-0.0180
0.3600	-0.0220
0.3800	-0.0250
0.4000	-0.0290
0.4200	-0.0320
0.4400	-0.0350
0.4600	-0.0380
0.4800	-0.0410
0.5000	-0.0430
0.5200	-0.0440
0.5400	-0.0460
0.5600	-0.0470
0.5800	-0.0470
0.6000	-0.0470
0.6200	-0.0470
0.6400	-0.0470
0.6600	-0.0460
0.6800	-0.0450
0.7000	-0.0450
0.7200	-0.0420
0.7400	-0.0400
0.7600	-0.0370
0.7800	-0.0340
0.8000	-0.0310
0.8200	-0.0280
0.8400	-0.0250
0.8600	-0.0220
0.8800	-0.0180
0.9000	-0.0140
0.9200	-0.0100
0.9400	-0.0050
0.9600	-0.0020
0.9800	0.0020
1.0000	0.0070
1.0200	0.0110
1.0400	0.0140
1.0600	0.0180
1.0800	0.0230
1.1000	0.0260
1.1200	0.0290
1.1400	0.0320
1.1600	0.0360
1.1800	0.0390
1.2000	0.0410
1.2200	0.0430
1.2400	0.0450
1.2600	0.0460
1.2800	0.0480
1.3000	0.0480
1.3200	0.0490
1.3400	0.0480
1.3600	0.0480
1.3800	0.0480
1.4000	0.0470
1.4200	0.0450
1.4400	0.0430
1.4600	0.0410
1.4800	0.0390
1.5000	0.0360
1.5200	0.0330
1.5400	0.0300
1.5600	0.0260
1.5800	0.0230
1.6000	0.0190
1.6200	0.0150
1.6400	0.0100
1.6600	0.0060
1.6800	0.0030
1.7000	-0.0020
1.7200	-0.0050
1.7400	-0.0090
1.7600	-0.0140
1.7800	-0.0180
1.8000	-0.0220
1.8200	-0.0250
1.8400	-0.0290
1.8600	-0.0320
1.8800	-0.0350
1.9000	-0.0380
1.9200	-0.0400
1.9400	-0.0430
1.9600	-0.0440
1.9800	-0.0450
2.0000	-0.0460
2.0200	-0.0480
2.0400	-0.0480
2.0600	-0.0480
2.0800	-0.0480
2.1000	-0.0470
2.1200	-0.0460
2.1400	-0.0450
2.1600	-0.0430
2.1800	-0.0400
2.2000	-0.0380
2.2200	-0.0350
2.2400	-0.0330
2.2600	-0.0300
2.2800	-0.0270
2.3000	-0.0230
2.3200	-0.0180
2.3400	-0.0150
2.3600	-0.0110
2.3800	-0.0070
2.4000	-0.0030
2.4200	0.0020
2.4400	0.0050
2.4600	0.0090
2.4800	0.0140
2.5000	0.0190
2.5200	0.0220
2.5400	0.0250
2.5600	0.0290
2.5800	0.0330
2.6000	0.0360
2.6200	0.0390
2.6400	0.0410
2.6600	0.0430
2.6800	0.0450
2.7000	0.0470
2.7200	0.0480
2.7400	0.0480
2.7600	0.0490
2.7800	0.0490
2.8000	0.0490
2.8200	0.0480
2.8400	0.0470
2.8600	0.0460
2.8800	0.0440
2.9000	0.0420
2.9200	0.0400
2.9400	0.0370
2.9600	0.0340
2.9800	0.0310
3.0000	0.0280
3.0200	0.0240
3.0400	0.0200
3.0600	0.0150
3.0800	0.0120
3.1000	0.0080
3.1200	0.0040
3.1400	-0.0000
3.1600	-0.0040
3.1800	-0.0090
3.2000	-0.0140
3.2200	-0.0170
3.2400	-0.0210
3.2600	-0.0250
3.2800	-0.0290
3.3000	-0.0320
3.3200	-0.0350
3.3400	-0.0380
3.3600	-0.0400
3.3800	-0.0410
3.4000	-0.0440
3.4200	-0.0450
3.4400	-0.0470
3.4600	-0.0480
3.4800	-0.0490
3.5000	-0.0480
3.5200	-0.0490
3.5400	-0.0480
3.5600	-0.0460
3.5800	-0.0450
3.6000	-0.0430
3.6200	-0.0410
3.6400	-0.0390
3.6600	-0.0370
3.6800	-0.0340
3.7000	-0.0310
3.7200	-0.0270
3.7400	-0.0230
3.7600	-0.0200
3.7800	-0.0160
3.8000	-0.0120
3.8200	-0.0080
3.8400	-0.0040
3.8600	0.0000
3.8800	0.0050
3.9000	0.0090
3.9200	0.0130
3.9400	0.0170
3.9600	0.0210
3.9800	0.0250
4.0000	0.0290
4.0200	0.0320
4.0400	0.0350
4.0600	0.0380
4.0800	0.0410
4.1000	0.0430
4.1200	0.0450
4.1400	0.0460
4.1600	0.0480
4.1800	0.0490
4.2000	0.0490
4.2200	0.0500
4.2400	0.0490
4.2600	0.0480
4.2800	0.0480
4.3000	0.0470
4.3200	0.0450
4.3400	0.0430
4.3600	0.0410
4.3800	0.0390
4.4000	0.0350
4.4200	0.0320
4.4400	0.0290
4.4600	0.0250
4.4800	0.0220
4.5000	0.0180
4.5200	0.0130
4.5400	0.0090
4.5600	0.0040
4.5800	0.0010
4.6000	-0.0040
4.6200	-0.0080
4.6400	-0.0130
4.6600	-0.0170
4.6800	-0.0210
4.7000	-0.0240
4.7200	-0.0280
4.7400	-0.0320
4.7600	-0.0340
4.7800	-0.0360
4.8000	-0.0390
4.8200	-0.0410
4.8400	-0.0440
4.8600	-0.0460
4.8800	-0.0470
4.9000	-0.0480
4.9200	-0.0490
4.9400	-0.0490
4.9600	-0.0480
4.9800	-0.0470
5.0000	-0.0470
5.0200	-0.0450
5.0400	-0.0440
5.0600	-0.0430
5.0800	-0.0410
5.1000	-0.0380
5.1200	-0.0340
5.1400	-0.0310
5.1600	-0.0280
5.1800	-0.0240
5.2000	-0.0210
5.2200	-0.0170
5.2400	-0.0130
5.2600	-0.0090
5.2800	-0.0050
5.3000	-0.0010
5.3200	0.0040
5.3400	0.0080
5.3600	0.0120
5.3800	0.0160
5.4000	0.0210
5.4200	0.0240
5.4400	0.0270
5.4600	0.0310
5.4800	0.0350
5.5000	0.0370
5.5200	0.0400
5.5400	0.0420
5.5600	0.0450
5.5800	0.0460
5.6000	0.0480
5.6200	0.0490
5.6400	0.0490
5.6600	0.0490
5.6800	0.0490
5.7000	0.0490
5.7200	0.0480
5.7400	0.0470
5.7600	0.0460
5.7800	0.0440
5.8000	0.0420
5.8200	0.0390
5.8400	0.0360
5.8600	0.0330
5.8800	0.0300
5.9000	0.0270
5.9200	0.0220
5.9400	0.0180
5.9600	0.0140
5.9800	0.0100
6.0000	0.0060
6.0200	0.0020
6.0400	-0.0030
6.0600	-0.0080
6.0800	-0.0120
6.1000	-0.0150
6.1200	-0.0180
6.1400	-0.0220
6.1600	-0.0260
6.1800	-0.0300
6.2000	-0.0330
6.2200	-0.0360
6.2400	-0.0390
6.2600	-0.0420
6.2800	-0.0440
6.3000	-0.0450
6.3200	-0.0470
6.3400	-0.0480
6.3600	-0.0480
6.3800	-0.0480
6.4000	-0.0480
6.4200	-0.0480
6.4400	-0.0480
6.4600	-0.0460
6.4800	-0.0450
6.5000	-0.0430
6.5200	-0.0420
6.5400	-0.0380
6.5600	-0.0350
6.5800	-0.0320
6.6000	-0.0290
6.6200	-0.0250
6.6400	-0.0220
6.6600	-0.0180
6.6800	-0.0150
6.7000	-0.0110
6.7200	-0.0060
6.7400	-0.0020
6.7600	0.0030
6.7800	0.0070
6.8000	0.0110
6.8200	0.0150
6.8400	0.0190
6.8600	0.0230
6.8800	0.0260
6.9000	0.0310
6.9200	0.0340
6.9400	0.0360
6.9600	0.0400
6.9800	0.0420
7.0000	0.0440
7.0200	0.0460
7.0400	0.0460
7.0600	0.0480
7.0800	0.0500
7.1000	0.0500
7.1200	0.0490
7.1400	0.0490
7.1600	0.0490
7.1800	0.0480
7.2000	0.0460
7.2200	0.0440
7.2400	0.0420
7.2600	0.0390
7.2800	0.0370
7.3000	0.0340
7.3200	0.0300
7.3400	0.0270
7.3600	0.0230
7.3800	0.0200
7.4000	0.0150
7.4200	0.0110
7.4400	0.0070
7.4600	0.0030
7.4800	-0.0010
7.5000	-0.0060
7.5200	-0.0090
7.5400	-0.0130
7.5600	-0.0170
7.5800	-0.0210
7.6000	-0.0250
7.6200	-0.0280
7.6400	-0.0330
7.6600	-0.0350
7.6800	-0.0390
7.7000	-0.0420
7.7200	-0.0430
7.7400	-0.0450
7.7600	-0.0460
7.7800	-0.0470
7.8000	-0.0480
7.8200	-0.0480
7.8400	-0.0490
7.8600	-0.0490
7.8800	-0.0480
7.9000	-0.0470
7.9200	-0.0460
7.9400	-0.0430
7.9600	-0.0410
7.9800	-0.0380
8.0000	-0.0360
8.0200	-0.0330
8.0400	-0.0310
8.0600	-0.0270
8.0800	-0.0240
8.1000	-0.0200
8.1200	-0.0150
8.1400	-0.0110
8.1600	-0.0080
8.1800	-0.0030
8.2000	0.0010
8.2200	0.0050
8.2400	0.0090
8.2600	0.0130
8.2800	0.0170
8.3000	0.0220
8.3200	0.0250
8.3400	0.0280
8.3600	0.0320
8.3800	0.0350
8.4000	0.0380
8.4200	0.0410
8.4400	0.0430
8.4600	0.0450
8.4800	0.0470
8.5000	0.0480
8.5200	0.0480
8.5400	0.0490
8.5600	0.0500
8.5800	0.0490
8.6000	0.0490
8.6200	0.0480
8.6400	0.0460
8.6600	0.0440
8.6800	0.0430
8.7000	0.0400
8.7200	0.0380
8.7400	0.0350
8.7600	0.0320
8.7800	0.0290
8.8000	0.0250
8.8200	0.0210
8.8400	0.0170
8.8600	0.0120
8.8800	0.0090
8.9000	0.0050
8.9200	0.0010
8.9400	-0.0030
8.9600	-0.0080
8.9800	-0.0120
9.0000	-0.0160
9.0200	-0.0200
9.0400	-0.0240
9.0600	-0.0280
9.0800	-0.0310
9.1000	-0.0340
9.1200	-0.0370
9.1400	-0.0390
9.1600	-0.0410
9.1800	-0.0430
9.2000	-0.0450
9.2200	-0.0470
9.2400	-0.0480
9.2600	-0.0480
9.2800	-0.0490
9.3000	-0.0480
9.3200	-0.0470
9.3400	-0.0460
9.3600	-0.0450
9.3800	-0.0440
9.4000	-0.0410
9.4200	-0.0390
9.4400	-0.0370
9.4600	-0.0350
9.4800	-0.0320
9.5000	-0.0280
9.5200	-0.0240
9.5400	-0.0210
9.5600	-0.0170
9.5800	-0.0120
9.6000	-0.0090
9.6200	-0.0050
9.6400	-0.0010
9.6600	0.0030
9.6800	0.0070
9.7000	0.0110
9.7200	0.0150
9.7400	0.0190
9.7600	0.0240
9.7800	0.0270
9.8000	0.0310
9.8200	0.0340
9.8400	0.0360
9.8600	0.0390
9.8800	0.0420
9.9000	0.0440
9.9200	0.0450
9.9400	0.0470
9.9600	0.0480
9.9800	0.0490
10.0000	0.0490
10.0200	0.0490
10.0400	0.0480
10.0600	0.0470
10.0800	0.0460
10.1000	0.0450
10.1200	0.0430
10.1400	0.0410
10.1600	0.0390
10.1800	0.0360
10.2000	0.0330
10.2200	0.0300
10.2400	0.0260
10.2600	0.0220
10.2800	0.0190
10.3000	0.0150
10.3200	0.0110
10.3400	0.0070
10.3600	0.0020
10.3800	-0.0020
10.4000	-0.0060
10.4200	-0.0110
10.4400	-0.0150
10.4600	-0.0190
10.4800	-0.0230
10.5000	-0.0260
10.5200	-0.0280
10.5400	-0.0320
10.5600	-0.0350
10.5800	-0.0370
10.6000	-0.0400
10.6200	-0.0420
10.6400	-0.0440
10.6600	-0.0460
10.6800	-0.0470
10.7000	-0.0480
10.7200	-0.0480
10.7400	-0.0480
10.7600	-0.0470
10.7800	-0.0460
10.8000	-0.0450
10.8200	-0.0440
10.8400	-0.0430
10.8600	-0.0400
10.8800	-0.0390
10.9000	-0.0360
10.9200	-0.0320
10.9400	-0.0290
10.9600	-0.0250
10.9800	-0.0220
11.0000	-0.0180
11.0200	-0.0140
11.0400	-0.0110
11.0600	-0.0070
11.0800	-0.0030
11.1000	0.0010
11.1200	0.0060
11.1400	0.0100
11.1600	0.0140
11.1800	0.0180
11.2000	0.0220
11.2200	0.0250
11.2400	0.0280
11.2600	0.0320
11.2800	0.0360
11.3000	0.0380
11.3200	0.0400
11.3400	0.0420
11.3600	0.0450
11.3800	0.0460
11.4000	0.0470
11.4200	0.0480
11.4400	0.0480
11.4600	0.0480
11.4800	0.0480
11.5000	0.0480
11.5200	0.0470
11.5400	0.0450
11.5600	0.0440
11.5800	0.0420
11.6000	0.0400
11.6200	0.0370
11.6400	0.0340
11.6600	0.0310
11.6800	0.0280
11.7000	0.0240
11.7200	0.0200
11.7400	0.0160
11.7600	0.0120
11.7800	0.0080
11.8000	0.0040
11.8200	-0.0000
11.8400	-0.0050
11.8600	-0.0090
11.8800	-0.0130
11.9000	-0.0170
11.9200	-0.0200
11.9400	-0.0230
11.9600	-0.0270
11.9800	-0.0300
12.0000	-0.0340
12.0200	-0.0360
12.0400	-0.0390
12.0600	-0.0420
12.0800	-0.0440
12.1000	-0.0450
12.1200	-0.0460
12.1400	-0.0470
12.1600	-0.0470
12.1800	-0.0470
12.2000	-0.0470
12.2200	-0.0460
12.2400	-0.0450
12.2600	-0.0450
12.2800	-0.0440
12.3000	-0.0420
12.3200	-0.0390
12.3400	-0.0360
12.3600	-0.0330
12.3800	-0.0300
12.4000	-0.0270
12.4200	-0.0240
12.4400	-0.0200
12.4600	-0.0170
12.4800	-0.0130
12.5000	-0.0080
12.5200	-0.0040
12.5400	0.0000
12.5600	0.0040
12.5800	0.0080
12.6000	0.0120
12.6200	0.0160
12.6400	0.0190
12.6600	0.0240
12.6800	0.0270
12.7000	0.0310
12.7200	0.0330
12.7400	0.0360
12.7600	0.0390
12.7800	0.0420
12.8000	0.0440
12.8200	0.0450
12.8400	0.0460
12.8600	0.0470
12.8800	0.0480
12.9000	0.0480
12.9200	0.0480
12.9400	0.0470
12.9600	0.0470
12.9800	0.0460
13.0000	0.0440
13.0200	0.0430
13.0400	0.0400
13.0600	0.0370
13.0800	0.0350
13.1000	0.0320
13.1200	0.0280
13.1400	0.0250
13.1600	0.0220
13.1800	0.0180
13.2000	0.0140
13.2200	0.0100
13.2400	0.0050
13.2600	0.0010
13.2800	-0.0030
13.3000	-0.0070
13.3200	-0.0100
13.3400	-0.0140
13.3600	-0.0180
13.3800	-0.0220
13.4000	-0.0250
13.4200	-0.0290
13.4400	-0.0320
13.4600	-0.0350
13.4800	-0.0380
13.5000	-0.0400
13.5200	-0.0420
13.5400	-0.0440
13.5600	-0.0450
13.5800	-0.0460
13.6000	-0.0460
13.6200	-0.0460
13.6400	-0.0470
13.6600	-0.0470
13.6800	-0.0460
13.7000	-0.0450
13.7200	-0.0430
13.7400	-0.0420
13.7600	-0.0390
13.7800	-0.0370
13.8000	-0.0340
13.8200	-0.0310
13.8400	-0.0290
13.8600	-0.0250
13.8800	-0.0220
13.9000	-0.0180
13.9200	-0.0140
13.9400	-0.0100
13.9600	-0.0060
13.9800	-0.0020
14.0000	0.0020
14.0200	0.0060
14.0400	0.0090
14.0600	0.0140
14.0800	0.0180
14.1000	0.0220
14.1200	0.0250
14.1400	0.0280
14.1600	0.0320
14.1800	0.0350
14.2000	0.0370
14.2200	0.0400
14.2400	0.0410
14.2600	0.0430
14.2800	0.0450
14.3000	0.0460
14.3200	0.0480
14.3400	0.0470
14.3600	0.0480
14.3800	0.0470
14.4000	0.0470
14.4200	0.0460
14.4400	0.0440
14.4600	0.0420
14.4800	0.0410
14.5000	0.0390
14.5200	0.0360
14.5400	0.0330
14.5600	0.0300
14.5800	0.0270
14.6000	0.0230
14.6200	0.0190
14.6400	0.0150
14.6600	0.0110
14.6800	0.0080
14.7000	0.0030
14.7200	0.0000
14.7400	-0.0040
14.7600	-0.0080
14.7800	-0.0120
14.8000	-0.0160
14.8200	-0.0200
14.8400	-0.0240
14.8600	-0.0270
14.8800	-0.0300
14.9000	-0.0330
14.9200	-0.0360
14.9400	-0.0380
14.9600	-0.0400
14.9800	-0.0420
15.0000	-0.0430
15.0200	-0.0450
15.0400	-0.0460
15.0600	-0.0460
15.0800	-0.0460
15.1000	-0.0460
15.1200	-0.0460
15.1400	-0.0450
15.1600	-0.0440
15.1800	-0.0420
15.2000	-0.0400
15.2200	-0.0380
15.2400	-0.0360
15.2600	-0.0330
15.2800	-0.0300
15.3000	-0.0270
15.3200	-0.0230
15.3400	-0.0190
15.3600	-0.0160
15.3800	-0.0120
15.4000	-0.0080
15.4200	-0.0040
15.4400	-0.0010
15.4600	0.0030
15.4800	0.0080
15.5000	0.0120
15.5200	0.0160
15.5400	0.0190
15.5600	0.0230
15.5800	0.0270
15.6000	0.0300
15.6200	0.0330
15.6400	0.0350
15.6600	0.0380
15.6800	0.0400
15.7000	0.0420
15.7200	0.0440
15.7400	0.0450
15.7600	0.0460
15.7800	0.0460
15.8000	0.0470
15.8200	0.0470
15.8400	0.0460
15.8600	0.0460
15.8800	0.0450
15.9000	0.0430
15.9200	0.0410
15.9400	0.0390
15.9600	0.0370
15.9800	0.0340
16.0000	0.0320
16.0200	0.0280
16.0400	0.0250
16.0600	0.0210
16.0800	0.0180
16.1000	0.0140
16.1200	0.0100
16.1400	0.0060
16.1600	0.0020
16.1800	-0.0020
16.2000	-0.0070
16.2200	-0.0100
16.2400	-0.0140
16.2600	-0.0190
16.2800	-0.0220
16.3000	-0.0260
16.3200	-0.0280
16.3400	-0.0310
16.3600	-0.0340
16.3800	-0.0360
16.4000	-0.0380
16.4200	-0.0410
16.4400	-0.0430
16.4600	-0.0440
16.4800	-0.0460
16.5000	-0.0460
16.5200	-0.0470
16.5400	-0.0460
16.5600	-0.0450
16.5800	-0.0450
16.6000	-0.0430
16.6200	-0.0420
16.6400	-0.0410
16.6600	-0.0390
16.6800	-0.0370
16.7000	-0.0340
16.7200	-0.0300
16.7400	-0.0270
16.7600	-0.0240
16.7800	-0.0210
16.8000	-0.0180
16.8200	-0.0140
16.8400	-0.0110
16.8600	-0.0070
16.8800	-0.0020
16.9000	0.0020
16.9200	0.0060
16.9400	0.0100
16.9600	0.0130
16.9800	0.0170
17.0000	0.0210
17.0200	0.0250
17.0400	0.0280
17.0600	0.0300
17.0800	0.0340
17.1000	0.0370
17.1200	0.0390
17.1400	0.0410
17.1600	0.0430
17.1800	0.0440
17.2000	0.0450
17.2200	0.0460
17.2400	0.0460
17.2600	0.0460
17.2800	0.0460
17.3000	0.0450
17.3200	0.0450
17.3400	0.0430
17.3600	0.0420
17.3800	0.0400
17.4000	0.0380
17.4200	0.0360
17.4400	0.0330
17.4600	0.0290
17.4800	0.0270
17.5000	0.0230
17.5200	0.0190
17.5400	0.0160
17.5600	0.0120
17.5800	0.0080
17.6000	0.0040
17.6200	0.0000
17.6400	-0.0040
17.6600	-0.0090
17.6800	-0.0120
17.7000	-0.0160
17.7200	-0.0190
17.7400	-0.0220
17.7600	-0.0260
17.7800	-0.0290
17.8000	-0.0320
17.8200	-0.0350
17.8400	-0.0380
17.8600	-0.0390
17.8800	-0.0420
17.9000	-0.0430
17.9200	-0.0440
17.9400	-0.0450
17.9600	-0.0450
17.9800	-0.0450
18.0000	-0.0450
18.0200	-0.0440
18.0400	-0.0440
18.0600	-0.0420
18.0800	-0.0410
18.1000	-0.0400
18.1200	-0.0380
18.1400	-0.0350
18.1600	-0.0320
18.1800	-0.0290
18.2000	-0.0260
18.2200	-0.0230
18.2400	-0.0200
18.2600	-0.0170
18.2800	-0.0130
18.3000	-0.0080
18.3200	-0.0040
18.3400	0.0000
18.3600	0.0040
18.3800	0.0070
18.4000	0.0110
18.4200	0.0150
18.4400	0.0180
18.4600	0.0220
18.4800	0.0260
18.5000	0.0290
18.5200	0.0310
18.5400	0.0340
18.5600	0.0380
18.5800	0.0390
18.6000	0.0420
18.6200	0.0430
18.6400	0.0440
18.6600	0.0450
18.6800	0.0460
18.7000	0.0460
18.7200	0.0460
18.7400	0.0460
18.7600	0.0450
18.7800	0.0440
18.8000	0.0430
18.8200	0.0410
18.8400	0.0390
18.8600	0.0370
18.8800	0.0350
18.9000	0.0320
18.9200	0.0280
18.9400	0.0250
18.9600	0.0210
18.9800	0.0180
19.0000	0.0140
19.0200	0.0100
19.0400	0.0060
19.0600	0.0020
19.0800	-0.0010
19.1000	-0.0060
19.1200	-0.0090
19.1400	-0.0130
19.1600	-0.0170
19.1800	-0.0200
19.2000	-0.0240
19.2200	-0.0270
19.2400	-0.0300
19.2600	-0.0340
19.2800	-0.0360
19.3000	-0.0380
19.3200	-0.0390
19.3400	-0.0420
19.3600	-0.0430
19.3800	-0.0440
19.4000	-0.0450
19.4200	-0.0450
19.4400	-0.0450
19.4600	-0.0450
19.4800	-0.0450
19.5000	-0.0430
19.5200	-0.0410
19.5400	-0.0410
19.5600	-0.0370
19.5800	-0.0360
19.6000	-0.0330
19.6200	-0.0310
19.6400	-0.0280
19.6600	-0.0250
19.6800	-0.0220
19.7000	-0.0180
19.7200	-0.0140
19.7400	-0.0100
19.7600	-0.0070
19.7800	-0.0030
19.8000	0.0010
19.8200	0.0060
19.8400	0.0080
19.8600	0.0130
19.8800	0.0170
19.9000	0.0210
19.9200	0.0230
19.9400	0.0260
19.9600	0.0300
19.9800	0.0330
20.0000	0.0360
20.0200	0.0380
20.0400	0.0400
20.0600	0.0420
20.0800	0.0430
20.1000	0.0440
20.1200	0.0450
20.1400	0.0450
20.1600	0.0460
20.1800	0.0460
20.2000	0.0450
20.2200	0.0450
20.2400	0.0430
20.2600	0.0410
20.2800	0.0400
20.3000	0.0380
20.3200	0.0350
20.3400	0.0320
20.3600	0.0300
20.3800	0.0270
20.4000	0.0240
20.4200	0.0200
20.4400	0.0150
20.4600	0.0120
20.4800	0.0080
20.5000	0.0040
20.5200	0.0010
20.5400	-0.0030
20.5600	-0.0070
20.5800	-0.0110
20.6000	-0.0140
20.6200	-0.0180
20.6400	-0.0220
20.6600	-0.0260
20.6800	-0.0290
20.7000	-0.0320
20.7200	-0.0340
20.7400	-0.0360
20.7600	-0.0380
20.7800	-0.0400
20.8000	-0.0410
20.8200	-0.0420
20.8400	-0.0440
20.8600	-0.0440
20.8800	-0.0450
20.9000	-0.0450
20.9200	-0.0450
20.9400	-0.0440
20.9600	-0.0420
20.9800	-0.0410
21.0000	-0.0390
21.0200	-0.0370
21.0400	-0.0350
21.0600	-0.0330
21.0800	-0.0300
21.1000	-0.0270
21.1200	-0.0220
21.1400	-0.0190
21.1600	-0.0160
21.1800	-0.0120
21.2000	-0.0090
21.2200	-0.0050
21.2400	-0.0020
21.2600	0.0020
21.2800	0.0070
21.3000	0.0110
21.3200	0.0140
21.3400	0.0170
21.3600	0.0210
21.3800	0.0250
21.4000	0.0280
21.4200	0.0310
21.4400	0.0330
21.4600	0.0360
21.4800	0.0380
21.5000	0.0410
21.5200	0.0420
21.5400	0.0430
21.5600	0.0450
21.5800	0.0450
21.6000	0.0460
21.6200	0.0460
21.6400	0.0450
21.6600	0.0440
21.6800	0.0440
21.7000	0.0420
21.7200	0.0400
21.7400	0.0380
21.7600	0.0360
21.7800	0.0340
21.8000	0.0320
21.8200	0.0290
21.8400	0.0250
21.8600	0.0210
21.8800	0.0180
21.9000	0.0150
21.9200	0.0110
21.9400	0.0070
21.9600	0.0030
21.9800	-0.0010
22.0000	-0.0050
22.0200	-0.0090
22.0400	-0.0140
22.0600	-0.0160
22.0800	-0.0200
22.1000	-0.0240
22.1200	-0.0260
22.1400	-0.0290
22.1600	-0.0310
22.1800	-0.0340
22.2000	-0.0370
22.2200	-0.0390
22.2400	-0.0400
22.2600	-0.0420
22.2800	-0.0430
22.3000	-0.0440
22.3200	-0.0440
22.3400	-0.0440
22.3600	-0.0440
22.3800	-0.0430
22.4000	-0.0430
22.4200	-0.0410
22.4400	-0.0400
22.4600	-0.0390
22.4800	-0.0360
22.5000	-0.0340
22.5200	-0.0310
22.5400	-0.0270
22.5600	-0.0250
22.5800	-0.0210
22.6000	-0.0180
22.6200	-0.0150
22.6400	-0.0110
22.6600	-0.0080
22.6800	-0.0040
22.7000	0.0010
22.7200	0.0040
22.7400	0.0080
22.7600	0.0120
22.7800	0.0160
22.8000	0.0190
22.8200	0.0230
22.8400	0.0250
22.8600	0.0280
22.8800	0.0320
22.9000	0.0340
22.9200	0.0370
22.9400	0.0390
22.9600	0.0410
22.9800	0.0430
23.0000	0.0430
23.0200	0.0450
23.0400	0.0450
23.0600	0.0450
23.0800	0.0450
23.1000	0.0450
23.1200	0.0440
23.1400	0.0430
23.1600	0.0410
23.1800	0.0390
23.2000	0.0380
23.2200	0.0360
23.2400	0.0320
23.2600	0.0300
23.2800	0.0270
23.3000	0.0240
23.3200	0.0200
23.3400	0.0170
23.3600	0.0130
23.3800	0.0090
23.4000	0.0050
23.4200	0.0010
23.4400	-0.0030
23.4600	-0.0070
23.4800	-0.0110
23.5000	-0.0150
23.5200	-0.0170
23.5400	-0.0200
23.5600	-0.0240
23.5800	-0.0270
23.6000	-0.0300
23.6200	-0.0330
23.6400	-0.0350
23.6600	-0.0370
23.6800	-0.0400
23.7000	-0.0410
23.7200	-0.0420
23.7400	-0.0430
23.7600	-0.0430
23.7800	-0.0440
23.8000	-0.0440
23.8200	-0.0440
23.8400	-0.0430
23.8600	-0.0420
23.8800	-0.0410
23.9000	-0.0400
23.9200	-0.0370
23.9400	-0.0350
23.9600	-0.0320
23.9800	-0.0290
24.0000	-0.0270
24.0200	-0.0240
24.0400	-0.0210
24.0600	-0.0180
24.0800	-0.0140
24.1000	-0.0100
24.1200	-0.0060
24.1400	-0.0020
24.1600	0.0020
24.1800	0.0060
24.2000	0.0090
24.2200	0.0130
24.2400	0.0160
24.2600	0.0200
24.2800	0.0240
24.3000	0.0270
24.3200	0.0290
24.3400	0.0320
24.3600	0.0350
24.3800	0.0380
24.4000	0.0400
24.4200	0.0410
24.4400	0.0420
24.4600	0.0430
24.4800	0.0450
24.5000	0.0450
24.5200	0.0450
24.5400	0.0440
24.5600	0.0440
24.5800	0.0440
24.6000	0.0420
24.6200	0.0400
24.6400	0.0390
24.6600	0.0360
24.6800	0.0350
24.7000	0.0320
24.7200	0.0280
24.7400	0.0250
24.7600	0.0220
24.7800	0.0190
24.8000	0.0150
24.8200	0.0120
24.8400	0.0070
24.8600	0.0040
24.8800	-0.0000
24.9000	-0.0040
24.9200	-0.0070
24.9400	-0.0110
24.9600	-0.0150
24.9800	-0.0190
25.0000	-0.0220
25.0200	-0.0250
25.0400	-0.0280
25.0600	-0.0310
25.0800	-0.0340
25.1000	-0.0370
25.1200	-0.0380
25.1400	-0.0390
25.1600	-0.0410
25.1800	-0.0420
25.2000	-0.0430
25.2200	-0.0430
25.2400	-0.0440
25.2600	-0.0440
25.2800	-0.0440
25.3000	-0.0430
25.3200	-0.0410
25.3400	-0.0400
25.3600	-0.0370
25.3800	-0.0360
25.4000	-0.0340
25.4200	-0.0310
25.4400	-0.0290
25.4600	-0.0260
25.4800	-0.0230
25.5000	-0.0190
25.5200	-0.0150
25.5400	-0.0110
25.5600	-0.0080
25.5800	-0.0040
25.6000	-0.0010
25.6200	0.0030
25.6400	0.0060
25.6600	0.0100
25.6800	0.0140
25.7000	0.0180
25.7200	0.0210
25.7400	0.0240
25.7600	0.0280
25.7800	0.0310
25.8000	0.0340
25.8200	0.0360
25.8400	0.0380
25.8600	0.0400
25.8800	0.0410
25.9000	0.0430
25.9200	0.0440
25.9400	0.0440
25.9600	0.0450
25.9800	0.0450
26.0000	0.0450
26.0200	0.0440
26.0400	0.0420
26.0600	0.0410
26.0800	0.0400
26.1000	0.0380
26.1200	0.0360
26.1400	0.0330
26.1600	0.0310
26.1800	0.0280
26.2000	0.0240
26.2200	0.0210
26.2400	0.0170
26.2600	0.0130
26.2800	0.0100
26.3000	0.0060
26.3200	0.0030
26.3400	-0.0010
26.3600	-0.0050
26.3800	-0.0090
26.4000	-0.0130
26.4200	-0.0170
26.4400	-0.0200
26.4600	-0.0230
26.4800	-0.0270
26.5000	-0.0290
26.5200	-0.0320
26.5400	-0.0340
26.5600	-0.0370
26.5800	-0.0380
26.6000	-0.0400
26.6200	-0.0410
26.6400	-0.0430
26.6600	-0.0430
26.6800	-0.0440
26.7000	-0.0440
26.7200	-0.0430
26.7400	-0.0430
26.7600	-0.0420
26.7800	-0.0410
26.8000	-0.0390
26.8200	-0.0370
26.8400	-0.0350
26.8600	-0.0330
26.8800	-0.0300
26.9000	-0.0280
26.9200	-0.0240
26.9400	-0.0210
26.9600	-0.0180
26.9800	-0.0140
27.0000	-0.0100
27.0200	-0.0070
27.0400	-0.0040
27.0600	0.0000
27.0800	0.0040
27.1000	0.0080
27.1200	0.0120
27.1400	0.0160
27.1600	0.0190
27.1800	0.0220
27.2000	0.0260
27.2200	0.0290
27.2400	0.0320
27.2600	0.0340
27.2800	0.0370
27.3000	0.0380
27.3200	0.0400
27.3400	0.0410
27.3600	0.0430
27.3800	0.0440
27.4000	0.0450
27.4200	0.0450
27.4400	0.0440
27.4600	0.0440
27.4800	0.0430
27.5000	0.0420
27.5200	0.0400
27.5400	0.0390
27.5600	0.0370
27.5800	0.0350
27.6000	0.0320
27.6200	0.0300
27.6400	0.0260
27.6600	0.0230
27.6800	0.0200
27.7000	0.0170
27.7200	0.0120
27.7400	0.0090
27.7600	0.0050
27.7800	0.0010
27.8000	-0.0030
27.8200	-0.0060
27.8400	-0.0110
27.8600	-0.0140
27.8800	-0.0180
27.9000	-0.0210
27.9200	-0.0240
27.9400	-0.0270
27.9600	-0.0300
27.9800	-0.0330
28.0000	-0.0350
28.0200	-0.0370
28.0400	-0.0390
28.0600	-0.0410
28.0800	-0.0420
28.1000	-0.0430
28.1200	-0.0440
28.1400	-0.0440
28.1600	-0.0440
28.1800	-0.0430
28.2000	-0.0420
28.2200	-0.0410
28.2400	-0.0400
28.2600	-0.0390
28.2800	-0.0370
28.3000	-0.0350
28.3200	-0.0320
28.3400	-0.0290
28.3600	-0.0260
28.3800	-0.0230
28.4000	-0.0190
28.4200	-0.0160
28.4400	-0.0130
28.4600	-0.0100
28.4800	-0.0060
28.5000	-0.0020
28.5200	0.0020
28.5400	0.0060
28.5600	0.0090
28.5800	0.0130
28.6000	0.0170
28.6200	0.0210
28.6400	0.0230
28.6600	0.0270
28.6800	0.0300
28.7000	0.0330
28.7200	0.0350
28.7400	0.0370
28.7600	0.0390
28.7800	0.0410
28.8000	0.0430
28.8200	0.0430
28.8400	0.0440
28.8600	0.0440
28.8800	0.0440
28.9000	0.0440
28.9200	0.0440
28.9400	0.0430
28.9600	0.0420
28.9800	0.0400
29.0000	0.0380
29.0200	0.0360
29.0400	0.0340
29.0600	0.0300
29.0800	0.0280
29.1000	0.0250
29.1200	0.0210
29.1400	0.0180
29.1600	0.0150
29.1800	0.0110
29.2000	0.0070
29.2200	0.0030
29.2400	-0.0010
29.2600	-0.0050
29.2800	-0.0080
29.3000	-0.0120
29.3200	-0.0150
29.3400	-0.0180
29.3600	-0.0220
29.3800	-0.0250
29.4000	-0.0280
29.4200	-0.0300
29.4400	-0.0340
29.4600	-0.0360
29.4800	-0.0380
29.5000	-0.0400
29.5200	-0.0410
29.5400	-0.0430
29.5600	-0.0420
29.5800	-0.0430
29.6000	-0.0430
29.6200	-0.0430
29.6400	-0.0430
29.6600	-0.0420
29.6800	-0.0410
29.7000	-0.0400
29.7200	-0.0380
29.7400	-0.0350
29.7600	-0.0330
29.7800	-0.0310
29.8000	-0.0280
29.8200	-0.0250
29.8400	-0.0230
29.8600	-0.0190
29.8800	-0.0150
29.9000	-0.0120
29.9200	-0.0070
29.9400	-0.0030
29.9600	-0.0000
29.9800	0.0040
30.0000	0.0070
30.0200	0.0110
30.0400	0.0140
30.0600	0.0180
30.0800	0.0220
30.1000	0.0260
30.1200	0.0280
30.1400	0.0300
30.1600	0.0330
30.1800	0.0360
30.2000	0.0380
30.2200	0.0400
30.2400	0.0410
30.2600	0.0420
30.2800	0.0440
30.3000	0.0440
30.3200	0.0440
30.3400	0.0440
30.3600	0.0440
30.3800	0.0440
30.4000	0.0430
30.4200	0.0410
30.4400	0.0390
30.4600	0.0380
30.4800	0.0350
30.5000	0.0330
30.5200	0.0300
30.5400	0.0270
30.5600	0.0240
30.5800	0.0210
30.6000	0.0170
30.6200	0.0140
30.6400	0.0090
30.6600	0.0060
30.6800	0.0020
30.7000	-0.0020
30.7200	-0.0050
30.7400	-0.0090
30.7600	-0.0130
30.7800	-0.0160
30.8000	-0.0200
30.8200	-0.0230
30.8400	-0.0260
30.8600	-0.0290
30.8800	-0.0320
30.9000	-0.0350
30.9200	-0.0360
30.9400	-0.0380
30.9600	-0.0400
30.9800	-0.0410
31.0000	-0.0420
31.0200	-0.0420
31.0400	-0.0430
31.0600	-0.0440
31.0800	-0.0430
31.1000	-0.0430
31.1200	-0.0420
31.1400	-0.0400
31.1600	-0.0390
31.1800	-0.0360
31.2000	-0.0350
31.2200	-0.0320
31.2400	-0.0300
31.2600	-0.0270
31.2800	-0.0250
31.3000	-0.0210
31.3200	-0.0170
31.3400	-0.0130
31.3600	-0.0100
31.3800	-0.0070
31.4000	-0.0030
31.4200	0.0010
31.4400	0.0040
31.4600	0.0080
31.4800	0.0120
31.5000	0.0160
31.5200	0.0200
31.5400	0.0220
31.5600	0.0260
31.5800	0.0290
31.6000	0.0320
31.6200	0.0340
31.6400	0.0360
31.6600	0.0390
31.6800	0.0400
31.7000	0.0420
31.7200	0.0430
31.7400	0.0440
31.7600	0.0440
31.7800	0.0440
31.8000	0.0450
31.8200	0.0440
31.8400	0.0420
31.8600	0.0420
31.8800	0.0400
31.9000	0.0390
31.9200	0.0360
31.9400	0.0340
31.9600	0.0320
31.9800	0.0290
32.0000	0.0260
32.0200	0.0230
32.0400	0.0190
32.0600	0.0150
32.0800	0.0120
32.1000	0.0080
32.1200	0.0050
32.1400	0.0020
32.1600	-0.0030
32.1800	-0.0070
32.2000	-0.0100
32.2200	-0.0140
32.2400	-0.0180
32.2600	-0.0210
32.2800	-0.0250
32.3000	-0.0280
32.3200	-0.0300
32.3400	-0.0330
32.3600	-0.0340
32.3800	-0.0370
32.4000	-0.0390
32.4200	-0.0400
32.4400	-0.0420
32.4600	-0.0430
32.4800	-0.0440
32.5000	-0.0440
32.5200	-0.0430
32.5400	-0.0430
32.5600	-0.0410
32.5800	-0.0410
32.6000	-0.0390
32.6200	-0.0380
32.6400	-0.0370
32.6600	-0.0340
32.6800	-0.0310
32.7000	-0.0290
32.7200	-0.0250
32.7400	-0.0220
32.7600	-0.0190
32.7800	-0.0160
32.8000	-0.0120
32.8200	-0.0090
32.8400	-0.0060
32.8600	-0.0020
32.8800	0.0030
32.9000	0.0060
32.9200	0.0100
32.9400	0.0130
32.9600	0.0170
32.9800	0.0210
33.0000	0.0240
33.0200	0.0280
33.0400	0.0290
33.0600	0.0320
33.0800	0.0350
33.1000	0.0380
33.1200	0.0390
33.1400	0.0410
33.1600	0.0430
33.1800	0.0430
33.2000	0.0450
33.2200	0.0450
33.2400	0.0440
33.2600	0.0440
33.2800	0.0440
33.3000	0.0430
33.3200	0.0410
33.3400	0.0390
33.3600	0.0380
33.3800	0.0360
33.4000	0.0340
33.4200	0.0310
33.4400	0.0280
33.4600	0.0250
33.4800	0.0220
33.5000	0.0180
33.5200	0.0140
33.5400	0.0110
33.5600	0.0070
33.5800	0.0030
33.6000	-0.0010
33.6200	-0.0050
33.6400	-0.0090
33.6600	-0.0130
33.6800	-0.0160
33.7000	-0.0200
33.7200	-0.0210
33.7400	-0.0250
33.7600	-0.0290
33.7800	-0.0310
33.8000	-0.0340
33.8200	-0.0360
33.8400	-0.0380
33.8600	-0.0400
33.8800	-0.0420
33.9000	-0.0430
33.9200	-0.0430
33.9400	-0.0430
33.9600	-0.0430
33.9800	-0.0430
34.0000	-0.0420
34.0200	-0.0420
34.0400	-0.0410
34.0600	-0.0390
34.0800	-0.0370
34.1000	-0.0360
34.1200	-0.0330
34.1400	-0.0300
34.1600	-0.0270
34.1800	-0.0240
34.2000	-0.0220
34.2200	-0.0180
34.2400	-0.0150
34.2600	-0.0120
34.2800	-0.0080
34.3000	-0.0040
34.3200	0.0010
34.3400	0.0040
34.3600	0.0070
34.3800	0.0110
34.4000	0.0150
34.4200	0.0180
34.4400	0.0210
34.4600	0.0240
34.4800	0.0290
34.5000	0.0310
34.5200	0.0330
34.5400	0.0360
34.5600	0.0380
34.5800	0.0400
34.6000	0.0410
34.6200	0.0430
34.6400	0.0430
34.6600	0.0440
34.6800	0.0440
34.7000	0.0440
34.7200	0.0430
34.7400	0.0430
34.7600	0.0420
34.7800	0.0410
34.8000	0.0390
34.8200	0.0370
34.8400	0.0340
34.8600	0.0320
34.8800	0.0300
34.9000	0.0280
34.9200	0.0230
34.9400	0.0200
34.9600	0.0170
34.9800	0.0130
35.0000	0.0090
35.0200	0.0050
35.0400	0.0010
35.0600	-0.0030
35.0800	-0.0060
35.1000	-0.0100
35.1200	-0.0130
35.1400	-0.0160
35.1600	-0.0200
35.1800	-0.0230
35.2000	-0.0260
35.2200	-0.0290
35.2400	-0.0330
35.2600	-0.0350
35.2800	-0.0370
35.3000	-0.0390
35.3200	-0.0400
35.3400	-0.0410
35.3600	-0.0420
35.3800	-0.0430
35.4000	-0.0430
35.4200	-0.0430
35.4400	-0.0430
35.4600	-0.0430
35.4800	-0.0420
35.5000	-0.0410
35.5200	-0.0390
35.5400	-0.0360
35.5600	-0.0340
35.5800	-0.0320
35.6000	-0.0290
35.6200	-0.0260
35.6400	-0.0240
35.6600	-0.0210
35.6800	-0.0170
35.7000	-0.0140
35.7200	-0.0090
35.7400	-0.0060
35.7600	-0.0020
35.7800	0.0010
35.8000	0.0050
35.8200	0.0090
35.8400	0.0120
35.8600	0.0160
35.8800	0.0200
35.9000	0.0230
35.9200	0.0260
35.9400	0.0290
35.9600	0.0320
35.9800	0.0350
36.0000	0.0380
36.0200	0.0390
36.0400	0.0410
36.0600	0.0420
36.0800	0.0430
36.1000	0.0440
36.1200	0.0440
36.1400	0.0450
36.1600	0.0440
36.1800	0.0440
36.2000	0.0430
36.2200	0.0420
36.2400	0.0400
36.2600	0.0380
36.2800	0.0360
36.3000	0.0340
36.3200	0.0310
36.3400	0.0280
36.3600	0.0250
36.3800	0.0220
36.4000	0.0190
36.4200	0.0150
36.4400	0.0110
36.4600	0.0070
36.4800	0.0040
36.5000	0.0000
36.5200	-0.0030
36.5400	-0.0070
36.5600	-0.0110
36.5800	-0.0150
36.6000	-0.0180
36.6200	-0.0220
36.6400	-0.0250
36.6600	-0.0280
36.6800	-0.0310
36.7000	-0.0340
36.7200	-0.0350
36.7400	-0.0380
36.7600	-0.0390
36.7800	-0.0400
36.8000	-0.0420
36.8200	-0.0430
36.8400	-0.0440
36.8600	-0.0430
36.8800	-0.0440
36.9000	-0.0430
36.9200	-0.0420
36.9400	-0.0410
36.9600	-0.0390
36.9800	-0.0380
37.0000	-0.0350
37.0200	-0.0330
37.0400	-0.0310
37.0600	-0.0290
37.0800	-0.0260
37.1000	-0.0230
37.1200	-0.0190
37.1400	-0.0150
37.1600	-0.0120
37.1800	-0.0080
37.2000	-0.0050
37.2200	-0.0010
37.2400	0.0030
37.2600	0.0060
37.2800	0.0110
37.3000	0.0140
37.3200	0.0180
37.3400	0.0210
37.3600	0.0240
37.3800	0.0280
37.4000	0.0300
37.4200	0.0340
37.4400	0.0350
37.4600	0.0370
37.4800	0.0400
37.5000	0.0410
37.5200	0.0430
37.5400	0.0430
37.5600	0.0440
37.5800	0.0440
37.6000	0.0450
37.6200	0.0440
37.6400	0.0430
37.6600	0.0420
37.6800	0.0420
37.7000	0.0400
37.7200	0.0370
37.7400	0.0350
37.7600	0.0330
37.7800	0.0310
37.8000	0.0270
37.8200	0.0240
37.8400	0.0200
37.8600	0.0170
37.8800	0.0140
37.9000	0.0100
37.9200	0.0070
37.9400	0.0020
37.9600	-0.0020
37.9800	-0.0050
38.0000	-0.0090
38.0200	-0.0120
38.0400	-0.0170
38.0600	-0.0200
38.0800	-0.0240
38.1000	-0.0260
38.1200	-0.0290
38.1400	-0.0310
38.1600	-0.0330
38.1800	-0.0360
38.2000	-0.0380
38.2200	-0.0400
38.2400	-0.0420
38.2600	-0.0420
38.2800	-0.0430
38.3000	-0.0440
38.3200	-0.0440
38.3400	-0.0430
38.3600	-0.0430
38.3800	-0.0420
38.4000	-0.0410
38.4200	-0.0390
38.4400	-0.0370
38.4600	-0.0350
38.4800	-0.0330
38.5000	-0.0310
38.5200	-0.0270
38.5400	-0.0240
38.5600	-0.0200
38.5800	-0.0170
38.6000	-0.0140
38.6200	-0.0110
38.6400	-0.0070
38.6600	-0.0040
38.6800	0.0000
38.7000	0.0040
38.7200	0.0080
38.7400	0.0120
38.7600	0.0150
38.7800	0.0190
38.8000	0.0220
38.8200	0.0260
38.8400	0.0280
38.8600	0.0310
38.8800	0.0340
38.9000	0.0360
38.9200	0.0380
38.9400	0.0400
38.9600	0.0420
38.9800	0.0430
39.0000	0.0440
39.0200	0.0450
39.0400	0.0440
39.0600	0.0440
39.0800	0.0440
39.1000	0.0430
39.1200	0.0420
39.1400	0.0400
39.1600	0.0390
39.1800	0.0370
39.2000	0.0350
39.2200	0.0320
39.2400	0.0290
39.2600	0.0260
39.2800	0.0230
39.3000	0.0210
39.3200	0.0160
39.3400	0.0130
39.3600	0.0090
39.3800	0.0050
39.4000	0.0010
39.4200	-0.0030
39.4400	-0.0070
39.4600	-0.0110
39.4800	-0.0140
39.5000	-0.0180
39.5200	-0.0200
39.5400	-0.0240
39.5600	-0.0270
39.5800	-0.0300
39.6000	-0.0330
39.6200	-0.0350
39.6400	-0.0370
39.6600	-0.0390
39.6800	-0.0400
39.7000	-0.0410
39.7200	-0.0430
39.7400	-0.0430
39.7600	-0.0430
39.7800	-0.0430
39.8000	-0.0430
39.8200	-0.0420
39.8400	-0.0420
39.8600	-0.0400
39.8800	-0.0390
39.9000	-0.0370
39.9200	-0.0340
39.9400	-0.0320
39.9600	-0.0290
39.9800	-0.0260
40.0000	-0.0230
40.0200	-0.0200
40.0400	-0.0170
40.0600	-0.0140
40.0800	-0.0090
40.1000	-0.0060
40.1200	-0.0010
40.1400	0.0030
40.1600	0.0060
40.1800	0.0090
40.2000	0.0130
40.2200	0.0170
40.2400	0.0200
40.2600	0.0230
40.2800	0.0270
40.3000	0.0300
40.3200	0.0320
40.3400	0.0350
40.3600	0.0380
40.3800	0.0400
40.4000	0.0420
40.4200	0.0420
40.4400	0.0430
40.4600	0.0440
40.4800	0.0450
40.5000	0.0440
40.5200	0.0440
40.5400	0.0430
40.5600	0.0430
40.5800	0.0420
40.6000	0.0400
40.6200	0.0380
40.6400	0.0350
40.6600	0.0330
40.6800	0.0310
40.7000	0.0290
40.7200	0.0250
40.7400	0.0210
40.7600	0.0180
40.7800	0.0140
40.8000	0.0110
40.8200	0.0070
40.8400	0.0030
40.8600	-0.0010
40.8800	-0.0050
40.9000	-0.0080
40.9200	-0.0110
40.9400	-0.0150
40.9600	-0.0180
40.9800	-0.0220
41.0000	-0.0250
41.0200	-0.0280
41.0400	-0.0320
41.0600	-0.0340
41.0800	-0.0370
41.1000	-0.0380
41.1200	-0.0400
41.1400	-0.0410
41.1600	-0.0420
41.1800	-0.0430
41.2000	-0.0430
41.2200	-0.0440
41.2400	-0.0430
41.2600	-0.0430
41.2800	-0.0430
41.3000	-0.0410
41.3200	-0.0390
41.3400	-0.0370
41.3600	-0.0350
41.3800	-0.0330
41.4000	-0.0300
41.4200	-0.0280
41.4400	-0.0250
41.4600	-0.0220
41.4800	-0.0190
41.5000	-0.0160
41.5200	-0.0100
41.5400	-0.0070
41.5600	-0.0040
41.5800	-0.0010
41.6000	0.0040
41.6200	0.0070
41.6400	0.0110
41.6600	0.0140
41.6800	0.0180
41.7000	0.0220
41.7200	0.0240
41.7400	0.0280
41.7600	0.0310
41.7800	0.0340
41.8000	0.0360
41.8200	0.0380
41.8400	0.0400
41.8600	0.0410
41.8800	0.0430
41.9000	0.0440
41.9200	0.0440
41.9400	0.0440
41.9600	0.0450
41.9800	0.0440
42.0000	0.0430
42.0200	0.0420
42.0400	0.0410
42.0600	0.0390
42.0800	0.0370
42.1000	0.0350
42.1200	0.0330
42.1400	0.0300
42.1600	0.0270
42.1800	0.0240
42.2000	0.0210
42.2200	0.0170
42.2400	0.0130
42.2600	0.0090
42.2800	0.0060
42.3000	0.0020
42.3200	-0.0020
42.3400	-0.0050
42.3600	-0.0090
42.3800	-0.0130
42.4000	-0.0160
42.4200	-0.0200
42.4400	-0.0230
42.4600	-0.0270
42.4800	-0.0290
42.5000	-0.0320
42.5200	-0.0340
42.5400	-0.0360
42.5600	-0.0390
42.5800	-0.0400
42.6000	-0.0410
42.6200	-0.0420
42.6400	-0.0430
42.6600	-0.0440
42.6800	-0.0440
42.7000	-0.0440
42.7200	-0.0430
42.7400	-0.0420
42.7600	-0.0400
42.7800	-0.0390
42.8000	-0.0370
42.8200	-0.0340
42.8400	-0.0330
42.8600	-0.0300
42.8800	-0.0270
42.9000	-0.0240
42.9200	-0.0200
42.9400	-0.0160
42.9600	-0.0130
42.9800	-0.0100
43.0000	-0.0060
43.0200	-0.0020
43.0400	0.0010
43.0600	0.0040
43.0800	0.0090
43.1000	0.0140
43.1200	0.0160
43.1400	0.0200
43.1600	0.0230
43.1800	0.0260
43.2000	0.0300
43.2200	0.0320
43.2400	0.0340
43.2600	0.0370
43.2800	0.0390
43.3000	0.0410
43.3200	0.0420
43.3400	0.0430
43.3600	0.0440
43.3800	0.0440
43.4000	0.0450
43.4200	0.0450
43.4400	0.0430
43.4600	0.0420
43.4800	0.0420
43.5000	0.0410
43.5200	0.0390
43.5400	0.0360
43.5600	0.0340
43.5800	0.0320
43.6000	0.0290
43.6200	0.0260
43.6400	0.0220
43.6600	0.0180
43.6800	0.0160
43.7000	0.0120
43.7200	0.0080
43.7400	0.0050
43.7600	-0.0000
43.7800	-0.0040
43.8000	-0.0070
43.8200	-0.0110
43.8400	-0.0150
43.8600	-0.0180
43.8800	-0.0220
43.9000	-0.0250
43.9200	-0.0280
43.9400	-0.0300
43.9600	-0.0320
43.9800	-0.0360
44.0000	-0.0370
44.0200	-0.0390
44.0400	-0.0410
44.0600	-0.0430
44.0800	-0.0440
44.1000	-0.0440
44.1200	-0.0440
44.1400	-0.0430
44.1600	-0.0420
44.1800	-0.0420
44.2000	-0.0410
44.2200	-0.0390
44.2400	-0.0390
44.2600	-0.0360
44.2800	-0.0340
44.3000	-0.0320
44.3200	-0.0290
44.3400	-0.0250
44.3600	-0.0220
44.3800	-0.0190
44.4000	-0.0160
44.4200	-0.0120
44.4400	-0.0090
44.4600	-0.0060
44.4800	-0.0010
44.5000	0.0030
44.5200	0.0070
44.5400	0.0110
44.5600	0.0140
44.5800	0.0170
44.6000	0.0210
44.6200	0.0250
44.6400	0.0270
44.6600	0.0300
44.6800	0.0330
44.7000	0.0360
44.7200	0.0380
44.7400	0.0400
44.7600	0.0420
44.7800	0.0430
44.8000	0.0440
44.8200	0.0440
44.8400	0.0450
44.8600	0.0440
44.8800	0.0440
44.9000	0.0440
44.9200	0.0420
44.9400	0.0410
44.9600	0.0400
44.9800	0.0380
45.0000	0.0360
45.0200	0.0340
45.0400	0.0310
45.0600	0.0280
45.0800	0.0250
45.1000	0.0210
45.1200	0.0170
45.1400	0.0140
45.1600	0.0100
45.1800	0.0060
45.2000	0.0030
45.2200	-0.0010
45.2400	-0.0050
45.2600	-0.0090
45.2800	-0.0130
45.3000	-0.0160
45.3200	-0.0190
45.3400	-0.0220
45.3600	-0.0260
45.3800	-0.0290
45.4000	-0.0310
45.4200	-0.0330
45.4400	-0.0370
45.4600	-0.0390
45.4800	-0.0400
45.5000	-0.0420
45.5200	-0.0430
45.5400	-0.0440
45.5600	-0.0440
45.5800	-0.0430
45.6000	-0.0430
45.6200	-0.0420
45.6400	-0.0430
45.6600	-0.0410
45.6800	-0.0410
45.7000	-0.0380
45.7200	-0.0350
45.7400	-0.0330
45.7600	-0.0300
45.7800	-0.0270
45.8000	-0.0240
45.8200	-0.0210
45.8400	-0.0180
45.8600	-0.0150
45.8800	-0.0110
45.9000	-0.0070
45.9200	-0.0030
45.9400	0.0010
45.9600	0.0040
45.9800	0.0080
46.0000	0.0120
46.0200	0.0150
46.0400	0.0190
46.0600	0.0220
46.0800	0.0260
46.1000	0.0290
46.1200	0.0310
46.1400	0.0340
46.1600	0.0360
46.1800	0.0390
46.2000	0.0410
46.2200	0.0430
46.2400	0.0430
46.2600	0.0430
46.2800	0.0440
46.3000	0.0450
46.3200	0.0440
46.3400	0.0440
46.3600	0.0440
46.3800	0.0420
46.4000	0.0410
46.4200	0.0390
46.4400	0.0370
46.4600	0.0350
46.4800	0.0330
46.5000	0.0290
46.5200	0.0260
46.5400	0.0230
46.5600	0.0200
46.5800	0.0170
46.6000	0.0130
46.6200	0.0090
46.6400	0.0040
46.6600	0.0010
46.6800	-0.0030
46.7000	-0.0070
46.7200	-0.0100
46.7400	-0.0130
46.7600	-0.0170
46.7800	-0.0200
46.8000	-0.0240
46.8200	-0.0270
46.8400	-0.0300
46.8600	-0.0330
46.8800	-0.0360
46.9000	-0.0380
46.9200	-0.0390
46.9400	-0.0410
46.9600	-0.0420
46.9800	-0.0420
47.0000	-0.0440
47.0200	-0.0440
47.0400	-0.0450
47.0600	-0.0430
47.0800	-0.0430
47.1000	-0.0420
47.1200	-0.0400
47.1400	-0.0390
47.1600	-0.0360
47.1800	-0.0340
47.2000	-0.0310
47.2200	-0.0290
47.2400	-0.0270
47.2600	-0.0230
47.2800	-0.0200
47.3000	-0.0170
47.3200	-0.0120
47.3400	-0.0090
47.3600	-0.0050
47.3800	-0.0020
47.4000	0.0020
47.4200	0.0060
47.4400	0.0090
47.4600	0.0130
47.4800	0.0170
47.5000	0.0210
47.5200	0.0230
47.5400	0.0270
47.5600	0.0300
47.5800	0.0330
47.6000	0.0360
47.6200	0.0380
47.6400	0.0390
47.6600	0.0410
47.6800	0.0430
47.7000	0.0440
47.7200	0.0440
47.7400	0.0450
47.7600	0.0450
47.7800	0.0450
47.8000	0.0450
47.8200	0.0430
47.8400	0.0410
47.8600	0.0400
47.8800	0.0390
47.9000	0.0360
47.9200	0.0330
47.9400	0.0310
47.9600	0.0280
47.9800	0.0250
48.0000	0.0220
48.0200	0.0180
48.0400	0.0140
48.0600	0.0110
48.0800	0.0070
48.1000	0.0040
48.1200	-0.0000
48.1400	-0.0030
48.1600	-0.0080
48.1800	-0.0120
48.2000	-0.0150
48.2200	-0.0190
48.2400	-0.0230
48.2600	-0.0260
48.2800	-0.0290
48.3000	-0.0320
48.3200	-0.0340
48.3400	-0.0360
48.3600	-0.0370
48.3800	-0.0400
48.4000	-0.0410
48.4200	-0.0420
48.4400	-0.0440
48.4600	-0.0440
48.4800	-0.0440
48.5000	-0.0440
48.5200	-0.0440
48.5400	-0.0430
48.5600	-0.0410
48.5800	-0.0400
48.6000	-0.0380
48.6200	-0.0350
48.6400	-0.0330
48.6600	-0.0310
48.6800	-0.0290
48.7000	-0.0250
48.7200	-0.0220
48.7400	-0.0180
48.7600	-0.0150
48.7800	-0.0120
48.8000	-0.0080
48.8200	-0.0040
48.8400	-0.0010
48.8600	0.0030
48.8800	0.0080
48.9000	0.0110
48.9200	0.0150
48.9400	0.0180
48.9600	0.0220
48.9800	0.0250
49.0000	0.0290
49.0200	0.0320
49.0400	0.0330
49.0600	0.0360
49.0800	0.0390
49.1000	0.0410
49.1200	0.0410
49.1400	0.0430
49.1600	0.0440
49.1800	0.0450
49.2000	0.0450
49.2200	0.0450
49.2400	0.0440
49.2600	0.0430
49.2800	0.0420
49.3000	0.0420
49.3200	0.0390
49.3400	0.0370
49.3600	0.0350
49.3800	0.0330
49.4000	0.0300
49.4200	0.0270
49.4400	0.0230
49.4600	0.0200
49.4800	0.0170
49.5000	0.0140
49.5200	0.0100
49.5400	0.0060
49.5600	0.0020
49.5800	-0.0020
49.6000	-0.0060
49.6200	-0.0100
49.6400	-0.0140
49.6600	-0.0180
49.6800	-0.0210
49.7000	-0.0240
49.7200	-0.0260
49.7400	-0.0290
49.7600	-0.0320
49.7800	-0.0350
49.8000	-0.0370
49.8200	-0.0390
49.8400	-0.0400
49.8600	-0.0430
49.8800	-0.0430
49.9000	-0.0440
49.9200	-0.0430
49.9400	-0.0440
49.9600	-0.0430
49.9800	-0.0430
50.0000	-0.0420
50.0200	-0.0400
50.0400	-0.0390
50.0600	-0.0370
50.0800	-0.0350
50.1000	-0.0330
50.1200	-0.0290
50.1400	-0.0260
50.1600	-0.0240
50.1800	-0.0200
50.2000	-0.0170
50.2200	-0.0140
50.2400	-0.0110
50.2600	-0.0070
50.2800	-0.0030
50.3000	0.0020
50.3200	0.0050
50.3400	0.0090
50.3600	0.0120
50.3800	0.0170
50.4000	0.0200
50.4200	0.0230
50.4400	0.0260
50.4600	0.0290
50.4800	0.0330
50.5000	0.0350
50.5200	0.0370
50.5400	0.0390
50.5600	0.0410
50.5800	0.0430
50.6000	0.0440
50.6200	0.0440
50.6400	0.0440
50.6600	0.0450
50.6800	0.0450
50.7000	0.0440
50.7200	0.0430
50.7400	0.0420
50.7600	0.0410
50.7800	0.0390
50.8000	0.0370
50.8200	0.0350
50.8400	0.0310
50.8600	0.0280
50.8800	0.0260
50.9000	0.0230
50.9200	0.0190
50.9400	0.0150
50.9600	0.0120
50.9800	0.0080
51.0000	0.0040
51.0200	0.0000
51.0400	-0.0040
51.0600	-0.0080
51.0800	-0.0120
51.1000	-0.0150
51.1200	-0.0180
51.1400	-0.0220
51.1600	-0.0250
51.1800	-0.0280
51.2000	-0.0310
51.2200	-0.0330
51.2400	-0.0360
51.2600	-0.0380
51.2800	-0.0400
51.3000	-0.0410
51.3200	-0.0420
51.3400	-0.0430
51.3600	-0.0430
51.3800	-0.0430
51.4000	-0.0440
51.4200	-0.0430
51.4400	-0.0420
51.4600	-0.0420
51.4800	-0.0400
51.5000	-0.0390
51.5200	-0.0360
51.5400	-0.0340
51.5600	-0.0310
51.5800	-0.0280
51.6000	-0.0260
51.6200	-0.0220
51.6400	-0.0200
51.6600	-0.0160
51.6800	-0.0120
51.7000	-0.0090
51.7200	-0.0050
51.7400	-0.0000
51.7600	0.0030
51.7800	0.0060
51.8000	0.0110
51.8200	0.0140
51.8400	0.0170
51.8600	0.0210
51.8800	0.0250
51.9000	0.0280
51.9200	0.0300
51.9400	0.0330
51.9600	0.0360
51.9800	0.0390
52.0000	0.0400
52.0200	0.0420
52.0400	0.0430
52.0600	0.0430
52.0800	0.0440
52.1000	0.0450
52.1200	0.0450
52.1400	0.0440
52.1600	0.0440
52.1800	0.0430
52.2000	0.0420
52.2200	0.0400
52.2400	0.0380
52.2600	0.0360
52.2800	0.0330
52.3000	0.0310
52.3200	0.0270
52.3400	0.0240
52.3600	0.0210
52.3800	0.0170
52.4000	0.0140
52.4200	0.0100
52.4400	0.0060
52.4600	0.0020
52.4800	-0.0010
52.5000	-0.0050
52.5200	-0.0080
52.5400	-0.0120
52.5600	-0.0160
52.5800	-0.0190
52.6000	-0.0230
52.6200	-0.0260
52.6400	-0.0290
52.6600	-0.0320
52.6800	-0.0350
52.7000	-0.0370
52.7200	-0.0390
52.7400	-0.0400
52.7600	-0.0420
52.7800	-0.0430
52.8000	-0.0430
52.8200	-0.0430
52.8400	-0.0440
52.8600	-0.0440
52.8800	-0.0430
52.9000	-0.0420
52.9200	-0.0410
52.9400	-0.0390
52.9600	-0.0370
52.9800	-0.0350
53.0000	-0.0330
53.0200	-0.0300
53.0400	-0.0280
53.0600	-0.0250
53.0800	-0.0220
53.1000	-0.0180
53.1200	-0.0140
53.1400	-0.0100
53.1600	-0.0070
53.1800	-0.0030
53.2000	0.0010
53.2200	0.0040
53.2400	0.0080
53.2600	0.0110
53.2800	0.0160
53.3000	0.0200
53.3200	0.0230
53.3400	0.0260
53.3600	0.0290
53.3800	0.0320
53.4000	0.0350
53.4200	0.0370
53.4400	0.0390
53.4600	0.0410
53.4800	0.0420
53.5000	0.0430
53.5200	0.0440
53.5400	0.0440
53.5600	0.0450
53.5800	0.0450
53.6000	0.0440
53.6200	0.0440
53.6400	0.0420
53.6600	0.0410
53.6800	0.0390
53.7000	0.0370
53.7200	0.0350
53.7400	0.0320
53.7600	0.0300
53.7800	0.0270
53.8000	0.0230
53.8200	0.0200
53.8400	0.0160
53.8600	0.0120
53.8800	0.0080
53.9000	0.0050
53.9200	0.0010
53.9400	-0.0030
53.9600	-0.0070
53.9800	-0.0100
54.0000	-0.0140
54.0200	-0.0180
54.0400	-0.0220
54.0600	-0.0250
54.0800	-0.0280
54.1000	-0.0310
54.1200	-0.0330
54.1400	-0.0350
54.1600	-0.0370
54.1800	-0.0390
54.2000	-0.0410
54.2200	-0.0420
54.2400	-0.0430
54.2600	-0.0440
54.2800	-0.0450
54.3000	-0.0440
54.3200	-0.0440
54.3400	-0.0430
54.3600	-0.0410
54.3800	-0.0400
54.4000	-0.0380
54.4200	-0.0360
54.4400	-0.0350
54.4600	-0.0320
54.4800	-0.0290
54.5000	-0.0270
54.5200	-0.0230
54.5400	-0.0200
54.5600	-0.0160
54.5800	-0.0130
54.6000	-0.0090
54.6200	-0.0060
54.6400	-0.0020
54.6600	0.0020
54.6800	0.0060
54.7000	0.0100
54.7200	0.0130
54.7400	0.0170
54.7600	0.0210
54.7800	0.0240
54.8000	0.0270
54.8200	0.0300
54.8400	0.0330
54.8600	0.0350
54.8800	0.0380
54.9000	0.0400
54.9200	0.0410
54.9400	0.0430
54.9600	0.0440
54.9800	0.0450
55.0000	0.0450
55.0200	0.0450
55.0400	0.0440
55.0600	0.0440
55.0800	0.0430
55.1000	0.0420
55.1200	0.0400
55.1400	0.0380
55.1600	0.0370
55.1800	0.0340
55.2000	0.0320
55.2200	0.0290
55.2400	0.0250
55.2600	0.0210
55.2800	0.0180
55.3000	0.0150
55.3200	0.0110
55.3400	0.0080
55.3600	0.0030
55.3800	-0.0000
55.4000	-0.0050
55.4200	-0.0080
55.4400	-0.0120
55.4600	-0.0160
55.4800	-0.0190
55.5000	-0.0230
55.5200	-0.0250
55.5400	-0.0280
55.5600	-0.0310
55.5800	-0.0340
55.6000	-0.0360
55.6200	-0.0380
55.6400	-0.0400
55.6600	-0.0420
55.6800	-0.0430
55.7000	-0.0440
55.7200	-0.0440
55.7400	-0.0440
55.7600	-0.0440
55.7800	-0.0430
55.8000	-0.0420
55.8200	-0.0410
55.8400	-0.0400
55.8600	-0.0390
55.8800	-0.0360
55.9000	-0.0340
55.9200	-0.0300
55.9400	-0.0280
55.9600	-0.0250
55.9800	-0.0220
56.0000	-0.0180
56.0200	-0.0150
56.0400	-0.0120
56.0600	-0.0080
56.0800	-0.0040
56.1000	-0.0000
56.1200	0.0040
56.1400	0.0070
56.1600	0.0120
56.1800	0.0150
56.2000	0.0190
56.2200	0.0220
56.2400	0.0250
56.2600	0.0280
56.2800	0.0310
56.3000	0.0340
56.3200	0.0360
56.3400	0.0380
56.3600	0.0400
56.3800	0.0420
56.4000	0.0430
56.4200	0.0440
56.4400	0.0450
56.4600	0.0450
56.4800	0.0450
56.5000	0.0440
56.5200	0.0440
56.5400	0.0430
56.5600	0.0410
56.5800	0.0400
56.6000	0.0380
56.6200	0.0350
56.6400	0.0320
56.6600	0.0290
56.6800	0.0280
56.7000	0.0240
56.7200	0.0200
56.7400	0.0160
56.7600	0.0130
56.7800	0.0090
56.8000	0.0060
56.8200	0.0010
56.8400	-0.0030
56.8600	-0.0070
56.8800	-0.0110
56.9000	-0.0140
56.9200	-0.0170
56.9400	-0.0200
56.9600	-0.0230
56.9800	-0.0270
57.0000	-0.0290
57.0200	-0.0320
57.0400	-0.0350
57.0600	-0.0370
57.0800	-0.0400
57.1000	-0.0410
57.1200	-0.0420
57.1400	-0.0430
57.1600	-0.0440
57.1800	-0.0440
57.2000	-0.0440
57.2200	-0.0430
57.2400	-0.0430
57.2600	-0.0420
57.2800	-0.0410
57.3000	-0.0400
57.3200	-0.0370
57.3400	-0.0350
57.3600	-0.0330
57.3800	-0.0300
57.4000	-0.0260
57.4200	-0.0240
57.4400	-0.0210
57.4600	-0.0180
57.4800	-0.0140
57.5000	-0.0100
57.5200	-0.0060
57.5400	-0.0020
57.5600	0.0010
57.5800	0.0050
57.6000	0.0090
57.6200	0.0130
57.6400	0.0160
57.6600	0.0200
57.6800	0.0240
57.7000	0.0270
57.7200	0.0290
57.7400	0.0320
57.7600	0.0350
57.7800	0.0380
57.8000	0.0400
57.8200	0.0410
57.8400	0.0420
57.8600	0.0430
57.8800	0.0440
57.9000	0.0450
57.9200	0.0450
57.9400	0.0440
57.9600	0.0440
57.9800	0.0440
58.0000	0.0430
58.0200	0.0410
58.0400	0.0380
58.0600	0.0360
58.0800	0.0350
58.1000	0.0320
58.1200	0.0290
58.1400	0.0250
58.1600	0.0230
58.1800	0.0190
58.2000	0.0150
58.2200	0.0120
58.2400	0.0080
58.2600	0.0030
58.2800	0.0000
58.3000	-0.0040
58.3200	-0.0070
58.3400	-0.0110
58.3600	-0.0150
58.3800	-0.0180
58.4000	-0.0220
58.4200	-0.0250
58.4400	-0.0290
58.4600	-0.0310
58.4800	-0.0340
58.5000	-0.0370
58.5200	-0.0380
58.5400	-0.0400
58.5600	-0.0410
58.5800	-0.0420
58.6000	-0.0430
58.6200	-0.0430
58.6400	-0.0440
58.6600	-0.0440
58.6800	-0.0440
58.7000	-0.0430
58.7200	-0.0410
58.7400	-0.0400
58.7600	-0.0380
58.7800	-0.0360
58.8000	-0.0330
58.8200	-0.0310
58.8400	-0.0290
58.8600	-0.0270
58.8800	-0.0230
58.9000	-0.0200
58.9200	-0.0150
58.9400	-0.0110
58.9600	-0.0080
58.9800	-0.0040
59.0000	-0.0010
59.0200	0.0030
59.0400	0.0060
59.0600	0.0100
59.0800	0.0150
59.1000	0.0180
59.1200	0.0210
59.1400	0.0250
59.1600	0.0280
59.1800	0.0310
59.2000	0.0340
59.2200	0.0360
59.2400	0.0380
59.2600	0.0400
59.2800	0.0420
59.3000	0.0430
59.3200	0.0440
59.3400	0.0440
59.3600	0.0450
59.3800	0.0450
59.4000	0.0450
59.4200	0.0440
59.4400	0.0430
59.4600	0.0410
59.4800	0.0400
59.5000	0.0380
59.5200	0.0360
59.5400	0.0330
59.5600	0.0310
59.5800	0.0280
59.6000	0.0250
59.6200	0.0210
59.6400	0.0170
59.6600	0.0130
59.6800	0.0100
59.7000	0.0060
59.7200	0.0030
59.7400	-0.0010
59.7600	-0.0050
59.7800	-0.0090
59.8000	-0.0120
59.8200	-0.0160
59.8400	-0.0200
59.8600	-0.0230
59.8800	-0.0270
59.9000	-0.0300
59.9200	-0.0320
59.9400	-0.0350
59.9600	-0.0360
59.9800	-0.0380
60.0000	-0.0400
60.0200	-0.0420
60.0400	-0.0430
60.0600	-0.0430
60.0800	-0.0440
60.1000	-0.0440
60.1200	-0.0430
60.1400	-0.0430
60.1600	-0.0420
60.1800	-0.0400
60.2000	-0.0390
60.2200	-0.0370
60.2400	-0.0360
60.2600	-0.0330
60.2800	-0.0310
60.3000	-0.0280
60.3200	-0.0240
60.3400	-0.0210
60.3600	-0.0180
60.3800	-0.0140
60.4000	-0.0100
60.4200	-0.0070
60.4400	-0.0040
60.4600	0.0000
60.4800	0.0050
60.5000	0.0090
60.5200	0.0130
60.5400	0.0160
60.5600	0.0200
60.5800	0.0230
60.6000	0.0260
60.6200	0.0290
60.6400	0.0320
60.6600	0.0340
60.6800	0.0370
60.7000	0.0400
60.7200	0.0400
60.7400	0.0420
60.7600	0.0440
60.7800	0.0450
60.8000	0.0450
60.8200	0.0450
60.8400	0.0450
60.8600	0.0440
60.8800	0.0440
60.9000	0.0430
60.9200	0.0410
60.9400	0.0390
60.9600	0.0370
60.9800	0.0350
61.0000	0.0320
61.0200	0.0290
61.0400	0.0260
61.0600	0.0230
61.0800	0.0200
61.1000	0.0160
61.1200	0.0130
61.1400	0.0080
61.1600	0.0040
61.1800	0.0010
61.2000	-0.0030
61.2200	-0.0070
61.2400	-0.0110
61.2600	-0.0150
61.2800	-0.0180
61.3000	-0.0210
61.3200	-0.0240
61.3400	-0.0270
61.3600	-0.0300
61.3800	-0.0330
61.4000	-0.0360
61.4200	-0.0370
61.4400	-0.0400
61.4600	-0.0420
61.4800	-0.0430
61.5000	-0.0430
61.5200	-0.0440
61.5400	-0.0440
61.5600	-0.0440
61.5800	-0.0430
61.6000	-0.0420
61.6200	-0.0410
61.6400	-0.0410
61.6600	-0.0390
61.6800	-0.0370
61.7000	-0.0350
61.7200	-0.0310
61.7400	-0.0290
61.7600	-0.0250
61.7800	-0.0230
61.8000	-0.0190
61.8200	-0.0160
61.8400	-0.0140
61.8600	-0.0090
61.8800	-0.0050
61.9000	-0.0020
61.9200	0.0020
61.9400	0.0060
61.9600	0.0100
61.9800	0.0140
62.0000	0.0180
62.0200	0.0210
62.0400	0.0240
62.0600	0.0270
62.0800	0.0310
62.1000	0.0340
62.1200	0.0350
62.1400	0.0380
62.1600	0.0400
62.1800	0.0420
62.2000	0.0430
62.2200	0.0440
62.2400	0.0440
62.2600	0.0450
62.2800	0.0450
62.3000	0.0450
62.3200	0.0440
62.3400	0.0430
62.3600	0.0420
62.3800	0.0400
62.4000	0.0390
62.4200	0.0370
62.4400	0.0330
62.4600	0.0310
62.4800	0.0290
62.5000	0.0260
62.5200	0.0210
62.5400	0.0180
62.5600	0.0150
62.5800	0.0110
62.6000	0.0070
62.6200	0.0030
62.6400	-0.0010
62.6600	-0.0050
62.6800	-0.0090
62.7000	-0.0130
62.7200	-0.0150
62.7400	-0.0190
62.7600	-0.0220
62.7800	-0.0260
62.8000	-0.0280
62.8200	-0.0310
62.8400	-0.0340
62.8600	-0.0360
62.8800	-0.0390
62.9000	-0.0400
62.9200	-0.0420
62.9400	-0.0430
62.9600	-0.0430
62.9800	-0.0440
63.0000	-0.0430
63.0200	-0.0430
63.0400	-0.0440
63.0600	-0.0430
63.0800	-0.0410
63.1000	-0.0400
63.1200	-0.0370
63.1400	-0.0360
63.1600	-0.0330
63.1800	-0.0310
63.2000	-0.0270
63.2200	-0.0250
63.2400	-0.0220
63.2600	-0.0190
63.2800	-0.0150
63.3000	-0.0120
63.3200	-0.0060
63.3400	-0.0030
63.3600	0.0000
63.3800	0.0040
63.4000	0.0080
63.4200	0.0120
63.4400	0.0150
63.4600	0.0190
63.4800	0.0230
63.5000	0.0250
63.5200	0.0280
63.5400	0.0310
63.5600	0.0340
63.5800	0.0360
63.6000	0.0390
63.6200	0.0400
63.6400	0.0410
63.6600	0.0430
63.6800	0.0440
63.7000	0.0450
63.7200	0.0450
63.7400	0.0450
63.7600	0.0440
63.7800	0.0440
63.8000	0.0430
63.8200	0.0410
63.8400	0.0390
63.8600	0.0370
63.8800	0.0350
63.9000	0.0330
63.9200	0.0290
63.9400	0.0270
63.9600	0.0240
63.9800	0.0210
64.0000	0.0170
64.0200	0.0130
64.0400	0.0090
64.0600	0.0050
64.0800	0.0020
64.1000	-0.0020
64.1200	-0.0060
64.1400	-0.0100
64.1600	-0.0130
64.1800	-0.0170
64.2000	-0.0200
64.2200	-0.0240
64.2400	-0.0270
64.2600	-0.0300
64.2800	-0.0330
64.3000	-0.0350
64.3200	-0.0370
64.3400	-0.0390
64.3600	-0.0400
64.3800	-0.0420
64.4000	-0.0420
64.4200	-0.0430
64.4400	-0.0440
64.4600	-0.0440
64.4800	-0.0440
64.5000	-0.0430
64.5200	-0.0420
64.5400	-0.0400
64.5600	-0.0380
64.5800	-0.0370
64.6000	-0.0340
64.6200	-0.0320
64.6400	-0.0300
64.6600	-0.0270
64.6800	-0.0240
64.7000	-0.0210
64.7200	-0.0160
64.7400	-0.0130
64.7600	-0.0100
64.7800	-0.0060
64.8000	-0.0020
64.8200	0.0020
64.8400	0.0050
64.8600	0.0090
64.8800	0.0130
64.9000	0.0170
64.9200	0.0200
64.9400	0.0240
64.9600	0.0270
64.9800	0.0300
65.0000	0.0330
65.0200	0.0350
65.0400	0.0370
65.0600	0.0390
65.0800	0.0410
65.1000	0.0430
65.1200	0.0430
65.1400	0.0440
65.1600	0.0450
65.1800	0.0450
65.2000	0.0450
65.2200	0.0440
65.2400	0.0430
65.2600	0.0420
65.2800	0.0410
65.3000	0.0390
65.3200	0.0360
65.3400	0.0340
65.3600	0.0320
65.3800	0.0290
65.4000	0.0260
65.4200	0.0220
65.4400	0.0190
65.4600	0.0150
65.4800	0.0110
65.5000	0.0080
65.5200	0.0040
65.5400	0.0010
65.5600	-0.0040
65.5800	-0.0080
65.6000	-0.0110
65.6200	-0.0150
65.6400	-0.0190
65.6600	-0.0220
65.6800	-0.0260
65.7000	-0.0290
65.7200	-0.0310
65.7400	-0.0340
65.7600	-0.0350
65.7800	-0.0380
65.8000	-0.0400
65.8200	-0.0410
65.8400	-0.0420
65.8600	-0.0440
65.8800	-0.0440
65.9000	-0.0450
65.9200	-0.0430
65.9400	-0.0430
65.9600	-0.0420
65.9800	-0.0410
66.0000	-0.0400
66.0200	-0.0380
66.0400	-0.0370
66.0600	-0.0340
66.0800	-0.0320
66.1000	-0.0290
66.1200	-0.0250
66.1400	-0.0220
66.1600	-0.0190
66.1800	-0.0160
66.2000	-0.0120
66.2200	-0.0080
66.2400	-0.0050
66.2600	-0.0010
66.2800	0.0040
66.3000	0.0070
66.3200	0.0110
66.3400	0.0150
66.3600	0.0190
66.3800	0.0220
66.4000	0.0250
66.4200	0.0280
66.4400	0.0310
66.4600	0.0330
66.4800	0.0370
66.5000	0.0390
66.5200	0.0400
66.5400	0.0420
66.5600	0.0430
66.5800	0.0440
66.6000	0.0450
66.6200	0.0450
66.6400	0.0450
66.6600	0.0440
66.6800	0.0440
66.7000	0.0430
66.7200	0.0410
66.7400	0.0400
66.7600	0.0380
66.7800	0.0360
66.8000	0.0330
66.8200	0.0310
66.8400	0.0270
66.8600	0.0240
66.8800	0.0210
66.9000	0.0180
66.9200	0.0130
66.9400	0.0100
66.9600	0.0060
66.9800	0.0020
67.0000	-0.0020
67.0200	-0.0060
67.0400	-0.0100
67.0600	-0.0130
67.0800	-0.0170
67.1000	-0.0200
67.1200	-0.0230
67.1400	-0.0260
67.1600	-0.0290
67.1800	-0.0310
67.2000	-0.0340
67.2200	-0.0370
67.2400	-0.0390
67.2600	-0.0410
67.2800	-0.0430
67.3000	-0.0430
67.3200	-0.0440
67.3400	-0.0440
67.3600	-0.0440
67.3800	-0.0430
67.4000	-0.0430
67.4200	-0.0410
67.4400	-0.0410
67.4600	-0.0400
67.4800	-0.0380
67.5000	-0.0350
67.5200	-0.0330
67.5400	-0.0300
67.5600	-0.0260
67.5800	-0.0240
67.6000	-0.0210
67.6200	-0.0170
67.6400	-0.0140
67.6600	-0.0110
67.6800	-0.0070
67.7000	-0.0030
67.7200	0.0010
67.7400	0.0050
67.7600	0.0090
67.7800	0.0120
67.8000	0.0160
67.8200	0.0190
67.8400	0.0230
67.8600	0.0260
67.8800	0.0300
67.9000	0.0320
67.9200	0.0340
67.9400	0.0370
67.9600	0.0400
67.9800	0.0410
68.0000	0.0430
68.0200	0.0440
68.0400	0.0440
68.0600	0.0440
68.0800	0.0450
68.1000	0.0450
68.1200	0.0440
68.1400	0.0430
68.1600	0.0420
68.1800	0.0410
68.2000	0.0390
68.2200	0.0370
68.2400	0.0350
68.2600	0.0320
68.2800	0.0290
68.3000	0.0270
68.3200	0.0230
68.3400	0.0200
68.3600	0.0160
68.3800	0.0120
68.4000	0.0080
68.4200	0.0040
68.4400	-0.0000
68.4600	-0.0040
68.4800	-0.0070
68.5000	-0.0110
68.5200	-0.0140
68.5400	-0.0180
68.5600	-0.0210
68.5800	-0.0240
68.6000	-0.0270
68.6200	-0.0300
68.6400	-0.0330
68.6600	-0.0350
68.6800	-0.0380
68.7000	-0.0400
68.7200	-0.0410
68.7400	-0.0420
68.7600	-0.0430
68.7800	-0.0440
68.8000	-0.0430
68.8200	-0.0440
68.8400	-0.0440
68.8600	-0.0430
68.8800	-0.0420
68.9000	-0.0410
68.9200	-0.0380
68.9400	-0.0360
68.9600	-0.0340
68.9800	-0.0310
69.0000	-0.0290
69.0200	-0.0260
69.0400	-0.0230
69.0600	-0.0200
69.0800	-0.0160
69.1000	-0.0130
69.1200	-0.0080
69.1400	-0.0040
69.1600	-0.0010
69.1800	0.0020
69.2000	0.0070
69.2200	0.0100
69.2400	0.0130
69.2600	0.0170
69.2800	0.0210
69.3000	0.0250
69.3200	0.0270
69.3400	0.0300
69.3600	0.0330
69.3800	0.0350
69.4000	0.0380
69.4200	0.0400
69.4400	0.0410
69.4600	0.0420
69.4800	0.0440
69.5000	0.0440
69.5200	0.0450
69.5400	0.0450
69.5600	0.0450
69.5800	0.0440
69.6000	0.0430
69.6200	0.0420
69.6400	0.0400
69.6600	0.0380
69.6800	0.0360
69.7000	0.0340
69.7200	0.0310
69.7400	0.0280
69.7600	0.0250
69.7800	0.0220
69.8000	0.0180
69.8200	0.0140
69.8400	0.0100
69.8600	0.0060
69.8800	0.0030
69.9000	-0.0010
69.9200	-0.0040
69.9400	-0.0080
69.9600	-0.0120
69.9800	-0.0160
70.0000	-0.0190
70.0200	-0.0220
70.0400	-0.0260
70.0600	-0.0290
70.0800	-0.0320
70.1000	-0.0350
70.1200	-0.0360
70.1400	-0.0380
70.1600	-0.0400
70.1800	-0.0410
70.2000	-0.0420
70.2200	-0.0430
70.2400	-0.0440
70.2600	-0.0440
70.2800	-0.0440
70.3000	-0.0430
70.3200	-0.0430
70.3400	-0.0410
70.3600	-0.0390
70.3800	-0.0380
70.4000	-0.0360
70.4200	-0.0330
70.4400	-0.0310
70.4600	-0.0280
70.4800	-0.0250
70.5000	-0.0220
70.5200	-0.0180
70.5400	-0.0140
70.5600	-0.0110
70.5800	-0.0070
70.6000	-0.0040
70.6200	0.0000
70.6400	0.0040
70.6600	0.0080
70.6800	0.0120
70.7000	0.0150
70.7200	0.0190
70.7400	0.0220
70.7600	0.0260
70.7800	0.0290
70.8000	0.0320
70.8200	0.0340
70.8400	0.0360
70.8600	0.0380
70.8800	0.0400
70.9000	0.0410
70.9200	0.0430
70.9400	0.0440
70.9600	0.0450
70.9800	0.0450
71.0000	0.0450
71.0200	0.0450
71.0400	0.0440
71.0600	0.0430
71.0800	0.0420
71.1000	0.0390
71.1200	0.0370
71.1400	0.0350
71.1600	0.0330
71.1800	0.0300
71.2000	0.0270
71.2200	0.0240
71.2400	0.0200
71.2600	0.0160
71.2800	0.0130
71.3000	0.0090
71.3200	0.0050
71.3400	0.0020
71.3600	-0.0030
71.3800	-0.0060
71.4000	-0.0100
71.4200	-0.0140
71.4400	-0.0170
71.4600	-0.0210
71.4800	-0.0250
71.5000	-0.0270
71.5200	-0.0300
71.5400	-0.0330
71.5600	-0.0350
71.5800	-0.0370
71.6000	-0.0390
71.6200	-0.0400
71.6400	-0.0420
71.6600	-0.0430
71.6800	-0.0440
71.7000	-0.0450
71.7200	-0.0440
71.7400	-0.0440
71.7600	-0.0430
71.7800	-0.0410
71.8000	-0.0400
71.8200	-0.0380
71.8400	-0.0370
71.8600	-0.0350
71.8800	-0.0320
71.9000	-0.0300
71.9200	-0.0260
71.9400	-0.0230
71.9600	-0.0200
71.9800	-0.0170
72.0000	-0.0140
72.0200	-0.0100
72.0400	-0.0070
72.0600	-0.0030
72.0800	0.0010
72.1000	0.0050
72.1200	0.0100
72.1400	0.0130
72.1600	0.0170
72.1800	0.0200
72.2000	0.0240
72.2200	0.0270
72.2400	0.0290
72.2600	0.0320
72.2800	0.0360
72.3000	0.0370
72.3200	0.0390
72.3400	0.0410
72.3600	0.0430
72.3800	0.0440
72.4000	0.0450
72.4200	0.0450
72.4400	0.0440
72.4600	0.0440
72.4800	0.0440
72.5000	0.0430
72.5200	0.0420
72.5400	0.0400
72.5600	0.0390
72.5800	0.0360
72.6000	0.0340
72.6200	0.0320
72.6400	0.0290
72.6600	0.0250
72.6800	0.0230
72.7000	0.0190
72.7200	0.0150
72.7400	0.0110
72.7600	0.0070
72.7800	0.0030
72.8000	-0.0000
72.8200	-0.0040
72.8400	-0.0080
72.8600	-0.0120
72.8800	-0.0150
72.9000	-0.0190
72.9200	-0.0210
72.9400	-0.0250
72.9600	-0.0280
72.9800	-0.0310
73.0000	-0.0330
73.0200	-0.0350
73.0400	-0.0380
73.0600	-0.0400
73.0800	-0.0420
73.1000	-0.0430
73.1200	-0.0430
73.1400	-0.0440
73.1600	-0.0440
73.1800	-0.0440
73.2000	-0.0430
73.2200	-0.0420
73.2400	-0.0410
73.2600	-0.0390
73.2800	-0.0380
73.3000	-0.0360
73.3200	-0.0340
73.3400	-0.0310
73.3600	-0.0280
73.3800	-0.0250
73.4000	-0.0220
73.4200	-0.0190
73.4400	-0.0160
73.4600	-0.0130
73.4800	-0.0080
73.5000	-0.0050
73.5200	-0.0000
73.5400	0.0040
73.5600	0.0070
73.5800	0.0100
73.6000	0.0150
73.6200	0.0180
73.6400	0.0210
73.6600	0.0240
73.6800	0.0280
73.7000	0.0310
73.7200	0.0330
73.7400	0.0360
73.7600	0.0380
73.7800	0.0410
73.8000	0.0420
73.8200	0.0430
73.8400	0.0430
73.8600	0.0450
73.8800	0.0450
73.9000	0.0450
73.9200	0.0440
73.9400	0.0440
73.9600	0.0430
73.9800	0.0410
74.0000	0.0400
74.0200	0.0380
74.0400	0.0360
74.0600	0.0330
74.0800	0.0310
74.1000	0.0280
74.1200	0.0240
74.1400	0.0210
74.1600	0.0170
74.1800	0.0130
74.2000	0.0100
74.2200	0.0060
74.2400	0.0010
74.2600	-0.0020
74.2800	-0.0060
74.3000	-0.0090
74.3200	-0.0120
74.3400	-0.0160
74.3600	-0.0200
74.3800	-0.0230
74.4000	-0.0260
74.4200	-0.0290
74.4400	-0.0320
74.4600	-0.0340
74.4800	-0.0370
74.5000	-0.0390
74.5200	-0.0400
74.5400	-0.0420
74.5600	-0.0420
74.5800	-0.0430
74.6000	-0.0430
74.6200	-0.0440
74.6400	-0.0450
74.6600	-0.0430
74.6800	-0.0430
74.7000	-0.0410
74.7200	-0.0400
74.7400	-0.0370
74.7600	-0.0350
74.7800	-0.0320
74.8000	-0.0300
74.8200	-0.0270
74.8400	-0.0240
74.8600	-0.0220
74.8800	-0.0180
74.9000	-0.0140
74.9200	-0.0090
74.9400	-0.0060
74.9600	-0.0030
74.9800	0.0010
75.0000	0.0050
75.0200	0.0080
75.0400	0.0120
75.0600	0.0160
75.0800	0.0200
75.1000	0.0230
75.1200	0.0260
75.1400	0.0290
75.1600	0.0320
75.1800	0.0350
75.2000	0.0370
75.2200	0.0390
75.2400	0.0410
75.2600	0.0420
75.2800	0.0440
75.3000	0.0440
75.3200	0.0440
75.3400	0.0450
75.3600	0.0450
75.3800	0.0450
75.4000	0.0440
75.4200	0.0420
75.4400	0.0410
75.4600	0.0390
75.4800	0.0370
75.5000	0.0350
75.5200	0.0320
75.5400	0.0290
75.5600	0.0260
75.5800	0.0230
75.6000	0.0200
75.6200	0.0160
75.6400	0.0120
75.6600	0.0070
75.6800	0.0050
75.7000	0.0000
75.7200	-0.0030
75.7400	-0.0060
75.7600	-0.0110
75.7800	-0.0140
75.8000	-0.0180
75.8200	-0.0220
75.8400	-0.0250
75.8600	-0.0280
75.8800	-0.0310
75.9000	-0.0340
75.9200	-0.0350
75.9400	-0.0380
75.9600	-0.0390
75.9800	-0.0400
76.0000	-0.0420
76.0200	-0.0430
76.0400	-0.0440
76.0600	-0.0440
76.0800	-0.0440
76.1000	-0.0430
76.1200	-0.0430
76.1400	-0.0420
76.1600	-0.0400
76.1800	-0.0380
76.2000	-0.0360
76.2200	-0.0340
76.2400	-0.0320
76.2600	-0.0290
76.2800	-0.0270
76.3000	-0.0230
76.3200	-0.0200
76.3400	-0.0150
76.3600	-0.0120
76.3800	-0.0090
76.4000	-0.0050
76.4200	-0.0010
76.4400	0.0020
76.4600	0.0060
76.4800	0.0110
76.5000	0.0140
76.5200	0.0180
76.5400	0.0210
76.5600	0.0240
76.5800	0.0280
76.6000	0.0310
76.6200	0.0330
76.6400	0.0360
76.6600	0.0380
76.6800	0.0400
76.7000	0.0410
76.7200	0.0420
76.7400	0.0430
76.7600	0.0440
76.7800	0.0450
76.8000	0.0450
76.8200	0.0450
76.8400	0.0430
76.8600	0.0430
76.8800	0.0420
76.9000	0.0400
76.9200	0.0380
76.9400	0.0360
76.9600	0.0340
76.9800	0.0310
77.0000	0.0280
77.0200	0.0250
77.0400	0.0210
77.0600	0.0170
77.0800	0.0150
77.1000	0.0110
77.1200	0.0070
77.1400	0.0030
77.1600	-0.0010
77.1800	-0.0050
77.2000	-0.0090
77.2200	-0.0120
77.2400	-0.0160
77.2600	-0.0200
77.2800	-0.0230
77.3000	-0.0270
77.3200	-0.0290
77.3400	-0.0310
77.3600	-0.0340
77.3800	-0.0360
77.4000	-0.0390
77.4200	-0.0400
77.4400	-0.0420
77.4600	-0.0430
77.4800	-0.0430
77.5000	-0.0440
77.5200	-0.0440
77.5400	-0.0440
77.5600	-0.0430
77.5800	-0.0420
77.6000	-0.0400
77.6200	-0.0390
77.6400	-0.0380
77.6600	-0.0360
77.6800	-0.0330
77.7000	-0.0310
77.7200	-0.0270
77.7400	-0.0240
77.7600	-0.0210
77.7800	-0.0180
77.8000	-0.0150
77.8200	-0.0110
77.8400	-0.0080
77.8600	-0.0040
77.8800	0.0000
77.9000	0.0040
77.9200	0.0080
77.9400	0.0110
77.9600	0.0160
77.9800	0.0190
78.0000	0.0230
78.0200	0.0260
78.0400	0.0290
78.0600	0.0310
78.0800	0.0350
78.1000	0.0370
78.1200	0.0390
78.1400	0.0400
78.1600	0.0420
78.1800	0.0440
78.2000	0.0440
78.2200	0.0450
78.2400	0.0450
78.2600	0.0450
78.2800	0.0450
78.3000	0.0440
78.3200	0.0430
78.3400	0.0410
78.3600	0.0390
78.3800	0.0370
78.4000	0.0350
78.4200	0.0330
78.4400	0.0290
78.4600	0.0260
78.4800	0.0240
78.5000	0.0200
78.5200	0.0160
78.5400	0.0130
78.5600	0.0090
78.5800	0.0050
78.6000	0.0010
78.6200	-0.0020
78.6400	-0.0070
78.6600	-0.0110
78.6800	-0.0140
78.7000	-0.0180
78.7200	-0.0210
78.7400	-0.0240
78.7600	-0.0270
78.7800	-0.0290
78.8000	-0.0320
78.8200	-0.0350
78.8400	-0.0370
78.8600	-0.0400
78.8800	-0.0410
78.9000	-0.0420
78.9200	-0.0430
78.9400	-0.0440
78.9600	-0.0430
78.9800	-0.0440
79.0000	-0.0430
79.0200	-0.0420
79.0400	-0.0410
79.0600	-0.0400
79.0800	-0.0390
79.1000	-0.0370
79.1200	-0.0350
79.1400	-0.0320
79.1600	-0.0290
79.1800	-0.0270
79.2000	-0.0230
79.2200	-0.0200
79.2400	-0.0170
79.2600	-0.0140
79.2800	-0.0100
79.3000	-0.0060
79.3200	-0.0010
79.3400	0.0020
79.3600	0.0060
79.3800	0.0090
79.4000	0.0130
79.4200	0.0170
79.4400	0.0200
79.4600	0.0230
79.4800	0.0270
79.5000	0.0300
79.5200	0.0320
79.5400	0.0350
79.5600	0.0380
79.5800	0.0390
79.6000	0.0420
79.6200	0.0430
79.6400	0.0440
79.6600	0.0440
79.6800	0.0450
79.7000	0.0440
79.7200	0.0440
79.7400	0.0440
79.7600	0.0440
79.7800	0.0430
79.8000	0.0410
79.8200	0.0390
79.8400	0.0360
79.8600	0.0340
79.8800	0.0320
79.9000	0.0290
79.9200	0.0250
79.9400	0.0220
79.9600	0.0190
79.9800	0.0150
80.0000	0.0120
80.0200	0.0080
80.0400	0.0030
80.0600	-0.0010
80.0800	-0.0040
80.1000	-0.0080
80.1200	-0.0110
80.1400	-0.0140
80.1600	-0.0180
80.1800	-0.0220
80.2000	-0.0250
80.2200	-0.0280
80.2400	-0.0310
80.2600	-0.0340
80.2800	-0.0360
80.3000	-0.0380
80.3200	-0.0400
80.3400	-0.0410
80.3600	-0.0420
80.3800	-0.0430
80.4000	-0.0430
80.4200	-0.0440
80.4400	-0.0440
80.4600	-0.0430
80.4800	-0.0430
80.5000	-0.0420
80.5200	-0.0400
80.5400	-0.0380
80.5600	-0.0360
80.5800	-0.0330
80.6000	-0.0310
80.6200	-0.0280
80.6400	-0.0260
80.6600	-0.0230
80.6800	-0.0190
80.7000	-0.0150
80.7200	-0.0110
80.7400	-0.0070
80.7600	-0.0040
80.7800	-0.0000
80.8000	0.0030
80.8200	0.0070
80.8400	0.0110
80.8600	0.0140
80.8800	0.0190
80.9000	0.0220
80.9200	0.0250
80.9400	0.0270
80.9600	0.0310
80.9800	0.0340
81.0000	0.0360
81.0200	0.0390
81.0400	0.0390
81.0600	0.0410
81.0800	0.0430
81.1000	0.0440
81.1200	0.0440
81.1400	0.0450
81.1600	0.0450
81.1800	0.0450
81.2000	0.0440
81.2200	0.0430
81.2400	0.0410
81.2600	0.0400
81.2800	0.0380
81.3000	0.0360
81.3200	0.0330
81.3400	0.0300
81.3600	0.0270
81.3800	0.0240
81.4000	0.0210
81.4200	0.0170
81.4400	0.0130
81.4600	0.0090
81.4800	0.0060
81.5000	0.0020
81.5200	-0.0010
81.5400	-0.0050
81.5600	-0.0090
81.5800	-0.0130
81.6000	-0.0170
81.6200	-0.0200
81.6400	-0.0240
81.6600	-0.0270
81.6800	-0.0300
81.7000	-0.0330
81.7200	-0.0340
81.7400	-0.0370
81.7600	-0.0390
81.7800	-0.0400
81.8000	-0.0410
81.8200	-0.0430
81.8400	-0.0440
81.8600	-0.0440
81.8800	-0.0440
81.9000	-0.0440
81.9200	-0.0430
81.9400	-0.0420
81.9600	-0.0400
81.9800	-0.0390
82.0000	-0.0370
82.0200	-0.0350
82.0400	-0.0330
82.0600	-0.0310
82.0800	-0.0280
82.1000	-0.0250
82.1200	-0.0200
82.1400	-0.0170
82.1600	-0.0140
82.1800	-0.0100
82.2000	-0.0060
82.2200	-0.0030
82.2400	0.0000
82.2600	0.0050
82.2800	0.0090
82.3000	0.0130
82.3200	0.0160
82.3400	0.0200
82.3600	0.0230
82.3800	0.0260
82.4000	0.0300
82.4200	0.0320
82.4400	0.0350
82.4600	0.0370
82.4800	0.0390
82.5000	0.0410
82.5200	0.0420
82.5400	0.0430
82.5600	0.0440
82.5800	0.0450
82.6000	0.0450
82.6200	0.0450
82.6400	0.0440
82.6600	0.0430
82.6800	0.0420
82.7000	0.0410
82.7200	0.0390
82.7400	0.0370
82.7600	0.0350
82.7800	0.0320
82.8000	0.0290
82.8200	0.0260
82.8400	0.0220
82.8600	0.0190
82.8800	0.0160
82.9000	0.0130
82.9200	0.0080
82.9400	0.0050
82.9600	0.0010
82.9800	-0.0030
83.0000	-0.0070
83.0200	-0.0110
83.0400	-0.0160
83.0600	-0.0180
83.0800	-0.0220
83.1000	-0.0250
83.1200	-0.0280
83.1400	-0.0300
83.1600	-0.0330
83.1800	-0.0350
83.2000	-0.0370
83.2200	-0.0390
83.2400	-0.0420
83.2600	-0.0420
83.2800	-0.0440
83.3000	-0.0440
83.3200	-0.0440
83.3400	-0.0430
83.3600	-0.0430
83.3800	-0.0420
83.4000	-0.0410
83.4200	-0.0390
83.4400	-0.0390
83.4600	-0.0370
83.4800	-0.0350
83.5000	-0.0320
83.5200	-0.0290
83.5400	-0.0260
83.5600	-0.0230
83.5800	-0.0190
83.6000	-0.0160
83.6200	-0.0130
83.6400	-0.0100
83.6600	-0.0060
83.6800	-0.0020
83.7000	0.0030
83.7200	0.0070
83.7400	0.0100
83.7600	0.0140
83.7800	0.0180
83.8000	0.0210
83.8200	0.0240
83.8400	0.0270
