LDM 42E measurement:
Do, 4. Mai 2017
10:32:54
0.0200	-0.0080
0.0400	-0.0080
0.0600	0.0100
0.0800	0.0120
0.1000	0.0120
0.1200	0.0130
0.1400	0.0140
0.1600	0.0150
0.1800	0.0160
0.2000	0.0170
0.2200	0.0160
0.2400	0.0170
0.2600	0.0180
0.2800	0.0180
0.3000	0.0180
0.3200	0.0170
0.3400	0.0170
0.3600	0.0170
0.3800	0.0170
0.4000	0.0160
0.4200	0.0150
0.4400	0.0140
0.4600	0.0140
0.4800	0.0130
0.5000	0.0120
0.5200	0.0110
0.5400	0.0100
0.5600	0.0090
0.5800	0.0070
0.6000	0.0060
0.6200	0.0040
0.6400	0.0020
0.6600	0.0020
0.6800	0.0000
0.7000	-0.0010
0.7200	-0.0020
0.7400	-0.0040
0.7600	-0.0060
0.7800	-0.0070
0.8000	-0.0080
0.8200	-0.0100
0.8400	-0.0110
0.8600	-0.0120
0.8800	-0.0130
0.9000	-0.0130
0.9200	-0.0150
0.9400	-0.0150
0.9600	-0.0160
0.9800	-0.0170
1.0000	-0.0170
1.0200	-0.0180
1.0400	-0.0180
1.0600	-0.0180
1.0800	-0.0180
1.1000	-0.0170
1.1200	-0.0170
1.1400	-0.0170
1.1600	-0.0160
1.1800	-0.0160
1.2000	-0.0150
1.2200	-0.0140
1.2400	-0.0130
1.2600	-0.0130
1.2800	-0.0110
1.3000	-0.0090
1.3200	-0.0080
1.3400	-0.0070
1.3600	-0.0060
1.3800	-0.0050
1.4000	-0.0040
1.4200	-0.0020
1.4400	-0.0010
1.4600	0.0010
1.4800	0.0020
1.5000	0.0040
1.5200	0.0050
1.5400	0.0070
1.5600	0.0080
1.5800	0.0090
1.6000	0.0100
1.6200	0.0110
1.6400	0.0120
1.6600	0.0130
1.6800	0.0150
1.7000	0.0150
1.7200	0.0160
1.7400	0.0160
1.7600	0.0170
1.7800	0.0170
1.8000	0.0180
1.8200	0.0170
1.8400	0.0180
1.8600	0.0170
1.8800	0.0180
1.9000	0.0170
1.9200	0.0170
1.9400	0.0160
1.9600	0.0150
1.9800	0.0150
2.0000	0.0140
2.0200	0.0120
2.0400	0.0120
2.0600	0.0110
2.0800	0.0100
2.1000	0.0090
2.1200	0.0080
2.1400	0.0060
2.1600	0.0040
2.1800	0.0030
2.2000	0.0020
2.2200	-0.0000
2.2400	-0.0020
2.2600	-0.0020
2.2800	-0.0040
2.3000	-0.0050
2.3200	-0.0060
2.3400	-0.0080
2.3600	-0.0100
2.3800	-0.0100
2.4000	-0.0110
2.4200	-0.0130
2.4400	-0.0140
2.4600	-0.0150
2.4800	-0.0150
2.5000	-0.0150
2.5200	-0.0150
2.5400	-0.0170
2.5600	-0.0160
2.5800	-0.0170
2.6000	-0.0170
2.6200	-0.0170
2.6400	-0.0170
2.6600	-0.0180
2.6800	-0.0170
2.7000	-0.0150
2.7200	-0.0150
2.7400	-0.0150
2.7600	-0.0140
2.7800	-0.0130
2.8000	-0.0120
2.8200	-0.0110
2.8400	-0.0110
2.8600	-0.0100
2.8800	-0.0080
2.9000	-0.0060
2.9200	-0.0040
2.9400	-0.0040
2.9600	-0.0020
2.9800	-0.0010
3.0000	0.0010
3.0200	0.0020
3.0400	0.0030
3.0600	0.0050
3.0800	0.0060
3.1000	0.0070
3.1200	0.0080
3.1400	0.0100
3.1600	0.0110
3.1800	0.0120
3.2000	0.0130
3.2200	0.0130
3.2400	0.0140
3.2600	0.0150
3.2800	0.0160
3.3000	0.0150
3.3200	0.0160
3.3400	0.0170
3.3600	0.0170
3.3800	0.0170
3.4000	0.0170
3.4200	0.0160
3.4400	0.0160
3.4600	0.0160
3.4800	0.0160
3.5000	0.0150
3.5200	0.0140
3.5400	0.0140
3.5600	0.0120
3.5800	0.0120
3.6000	0.0110
3.6200	0.0090
3.6400	0.0090
3.6600	0.0070
3.6800	0.0060
3.7000	0.0050
3.7200	0.0040
3.7400	0.0020
3.7600	0.0010
3.7800	-0.0010
3.8000	-0.0020
3.8200	-0.0040
3.8400	-0.0050
3.8600	-0.0060
3.8800	-0.0070
3.9000	-0.0080
3.9200	-0.0090
3.9400	-0.0110
3.9600	-0.0120
3.9800	-0.0120
4.0000	-0.0130
4.0200	-0.0150
4.0400	-0.0150
4.0600	-0.0150
4.0800	-0.0160
4.1000	-0.0150
4.1200	-0.0160
4.1400	-0.0160
4.1600	-0.0160
4.1800	-0.0160
4.2000	-0.0160
4.2200	-0.0160
4.2400	-0.0160
4.2600	-0.0150
4.2800	-0.0150
4.3000	-0.0130
4.3200	-0.0120
4.3400	-0.0120
4.3600	-0.0110
4.3800	-0.0100
4.4000	-0.0080
4.4200	-0.0080
4.4400	-0.0070
4.4600	-0.0050
4.4800	-0.0040
4.5000	-0.0030
4.5200	-0.0010
4.5400	-0.0000
4.5600	0.0010
4.5800	0.0020
4.6000	0.0030
4.6200	0.0040
4.6400	0.0050
4.6600	0.0070
4.6800	0.0090
4.7000	0.0090
4.7200	0.0110
4.7400	0.0120
4.7600	0.0120
4.7800	0.0130
4.8000	0.0140
4.8200	0.0140
4.8400	0.0150
4.8600	0.0150
4.8800	0.0160
4.9000	0.0160
4.9200	0.0150
4.9400	0.0160
4.9600	0.0160
4.9800	0.0150
5.0000	0.0160
5.0200	0.0140
5.0400	0.0140
5.0600	0.0140
5.0800	0.0140
5.1000	0.0130
5.1200	0.0120
5.1400	0.0110
5.1600	0.0100
5.1800	0.0090
5.2000	0.0080
5.2200	0.0060
5.2400	0.0050
5.2600	0.0040
5.2800	0.0030
5.3000	0.0020
5.3200	0.0010
5.3400	-0.0010
5.3600	-0.0020
5.3800	-0.0030
5.4000	-0.0040
5.4200	-0.0060
5.4400	-0.0080
5.4600	-0.0080
5.4800	-0.0090
5.5000	-0.0090
5.5200	-0.0100
5.5400	-0.0120
5.5600	-0.0130
5.5800	-0.0130
5.6000	-0.0130
5.6200	-0.0150
5.6400	-0.0150
5.6600	-0.0150
5.6800	-0.0160
5.7000	-0.0150
5.7200	-0.0150
5.7400	-0.0160
5.7600	-0.0150
5.7800	-0.0150
5.8000	-0.0140
5.8200	-0.0140
5.8400	-0.0140
5.8600	-0.0130
5.8800	-0.0120
5.9000	-0.0100
5.9200	-0.0100
5.9400	-0.0090
5.9600	-0.0080
5.9800	-0.0080
6.0000	-0.0060
6.0200	-0.0060
6.0400	-0.0050
6.0600	-0.0030
6.0800	-0.0010
6.1000	-0.0000
6.1200	0.0010
6.1400	0.0020
6.1600	0.0030
6.1800	0.0050
6.2000	0.0050
6.2200	0.0060
6.2400	0.0070
6.2600	0.0090
6.2800	0.0100
6.3000	0.0110
6.3200	0.0110
6.3400	0.0120
6.3600	0.0130
6.3800	0.0130
6.4000	0.0140
6.4200	0.0140
6.4400	0.0140
6.4600	0.0150
6.4800	0.0160
6.5000	0.0150
6.5200	0.0150
6.5400	0.0150
6.5600	0.0140
6.5800	0.0140
6.6000	0.0140
6.6200	0.0130
6.6400	0.0120
6.6600	0.0120
6.6800	0.0120
6.7000	0.0100
6.7200	0.0100
6.7400	0.0090
6.7600	0.0080
6.7800	0.0070
6.8000	0.0050
6.8200	0.0040
6.8400	0.0030
6.8600	0.0020
6.8800	0.0010
6.9000	-0.0000
6.9200	-0.0020
6.9400	-0.0030
6.9600	-0.0040
6.9800	-0.0050
7.0000	-0.0060
7.0200	-0.0080
7.0400	-0.0090
7.0600	-0.0100
7.0800	-0.0100
7.1000	-0.0100
7.1200	-0.0110
7.1400	-0.0120
7.1600	-0.0120
7.1800	-0.0140
7.2000	-0.0140
7.2200	-0.0140
7.2400	-0.0150
7.2600	-0.0150
7.2800	-0.0150
7.3000	-0.0140
7.3200	-0.0130
7.3400	-0.0140
7.3600	-0.0130
7.3800	-0.0140
7.4000	-0.0130
7.4200	-0.0130
7.4400	-0.0120
7.4600	-0.0120
7.4800	-0.0110
7.5000	-0.0090
7.5200	-0.0080
7.5400	-0.0070
7.5600	-0.0060
7.5800	-0.0060
7.6000	-0.0040
7.6200	-0.0040
7.6400	-0.0020
7.6600	-0.0010
7.6800	0.0000
7.7000	0.0020
7.7200	0.0030
7.7400	0.0040
7.7600	0.0050
7.7800	0.0060
7.8000	0.0070
7.8200	0.0070
7.8400	0.0080
7.8600	0.0100
7.8800	0.0100
7.9000	0.0110
7.9200	0.0120
7.9400	0.0130
7.9600	0.0130
7.9800	0.0140
8.0000	0.0140
8.0200	0.0140
8.0400	0.0140
8.0600	0.0150
8.0800	0.0150
8.1000	0.0140
8.1200	0.0140
8.1400	0.0140
8.1600	0.0130
8.1800	0.0130
8.2000	0.0130
8.2200	0.0110
8.2400	0.0110
8.2600	0.0110
8.2800	0.0100
8.3000	0.0090
8.3200	0.0080
8.3400	0.0070
8.3600	0.0060
8.3800	0.0050
8.4000	0.0040
8.4200	0.0020
8.4400	0.0010
8.4600	0.0000
8.4800	-0.0010
8.5000	-0.0010
8.5200	-0.0020
8.5400	-0.0040
8.5600	-0.0050
8.5800	-0.0060
8.6000	-0.0080
8.6200	-0.0090
8.6400	-0.0100
8.6600	-0.0100
8.6800	-0.0110
8.7000	-0.0110
8.7200	-0.0120
8.7400	-0.0120
8.7600	-0.0130
8.7800	-0.0140
8.8000	-0.0140
8.8200	-0.0150
8.8400	-0.0150
8.8600	-0.0150
8.8800	-0.0140
8.9000	-0.0140
8.9200	-0.0130
8.9400	-0.0140
8.9600	-0.0130
8.9800	-0.0120
9.0000	-0.0120
9.0200	-0.0110
9.0400	-0.0110
9.0600	-0.0100
9.0800	-0.0090
9.1000	-0.0070
9.1200	-0.0060
9.1400	-0.0060
9.1600	-0.0040
9.1800	-0.0040
9.2000	-0.0030
9.2200	-0.0020
9.2400	-0.0010
9.2600	0.0000
9.2800	0.0020
9.3000	0.0030
9.3200	0.0050
9.3400	0.0060
9.3600	0.0070
9.3800	0.0070
9.4000	0.0080
9.4200	0.0090
9.4400	0.0100
9.4600	0.0110
9.4800	0.0120
9.5000	0.0130
9.5200	0.0130
9.5400	0.0130
9.5600	0.0140
9.5800	0.0140
9.6000	0.0140
9.6200	0.0150
9.6400	0.0140
9.6600	0.0150
9.6800	0.0150
9.7000	0.0140
9.7200	0.0140
9.7400	0.0140
9.7600	0.0130
9.7800	0.0130
9.8000	0.0120
9.8200	0.0100
9.8400	0.0100
9.8600	0.0100
9.8800	0.0090
9.9000	0.0080
9.9200	0.0070
9.9400	0.0050
9.9600	0.0050
9.9800	0.0040
10.0000	0.0020
10.0200	0.0000
10.0400	-0.0010
10.0600	-0.0020
10.0800	-0.0020
10.1000	-0.0030
10.1200	-0.0040
10.1400	-0.0060
10.1600	-0.0070
10.1800	-0.0080
10.2000	-0.0090
10.2200	-0.0100
10.2400	-0.0110
10.2600	-0.0110
10.2800	-0.0120
10.3000	-0.0120
10.3200	-0.0120
10.3400	-0.0130
10.3600	-0.0140
10.3800	-0.0140
10.4000	-0.0150
10.4200	-0.0150
10.4400	-0.0150
10.4600	-0.0150
10.4800	-0.0150
10.5000	-0.0130
10.5200	-0.0130
10.5400	-0.0130
10.5600	-0.0130
10.5800	-0.0120
10.6000	-0.0110
10.6200	-0.0110
10.6400	-0.0100
10.6600	-0.0090
10.6800	-0.0080
10.7000	-0.0060
10.7200	-0.0050
10.7400	-0.0040
10.7600	-0.0040
10.7800	-0.0020
10.8000	-0.0010
10.8200	-0.0000
10.8400	0.0010
10.8600	0.0020
10.8800	0.0050
10.9000	0.0060
10.9200	0.0060
10.9400	0.0070
10.9600	0.0080
10.9800	0.0090
11.0000	0.0100
11.0200	0.0100
11.0400	0.0110
11.0600	0.0120
11.0800	0.0130
11.1000	0.0140
11.1200	0.0140
11.1400	0.0140
11.1600	0.0150
11.1800	0.0150
11.2000	0.0150
11.2200	0.0150
11.2400	0.0150
11.2600	0.0150
11.2800	0.0150
11.3000	0.0140
11.3200	0.0130
11.3400	0.0130
11.3600	0.0120
11.3800	0.0120
11.4000	0.0110
11.4200	0.0100
11.4400	0.0080
11.4600	0.0080
11.4800	0.0070
11.5000	0.0060
11.5200	0.0050
11.5400	0.0040
11.5600	0.0030
11.5800	0.0010
11.6000	-0.0000
11.6200	-0.0010
11.6400	-0.0030
11.6600	-0.0040
11.6800	-0.0050
11.7000	-0.0050
11.7200	-0.0060
11.7400	-0.0080
11.7600	-0.0090
11.7800	-0.0100
11.8000	-0.0110
11.8200	-0.0120
11.8400	-0.0130
11.8600	-0.0130
11.8800	-0.0140
11.9000	-0.0140
11.9200	-0.0140
11.9400	-0.0150
11.9600	-0.0150
11.9800	-0.0150
12.0000	-0.0150
12.0200	-0.0150
12.0400	-0.0150
12.0600	-0.0150
12.0800	-0.0140
12.1000	-0.0130
12.1200	-0.0120
12.1400	-0.0120
12.1600	-0.0120
12.1800	-0.0110
12.2000	-0.0100
12.2200	-0.0100
12.2400	-0.0080
12.2600	-0.0070
12.2800	-0.0060
12.3000	-0.0040
12.3200	-0.0030
12.3400	-0.0020
12.3600	-0.0010
12.3800	0.0000
12.4000	0.0010
12.4200	0.0020
12.4400	0.0040
12.4600	0.0060
12.4800	0.0060
12.5000	0.0070
12.5200	0.0090
12.5400	0.0100
12.5600	0.0110
12.5800	0.0110
12.6000	0.0120
12.6200	0.0130
12.6400	0.0130
12.6600	0.0140
12.6800	0.0150
12.7000	0.0150
12.7200	0.0160
12.7400	0.0160
12.7600	0.0160
12.7800	0.0160
12.8000	0.0160
12.8200	0.0150
12.8400	0.0140
12.8600	0.0150
12.8800	0.0140
12.9000	0.0130
12.9200	0.0130
12.9400	0.0120
12.9600	0.0110
12.9800	0.0110
13.0000	0.0090
13.0200	0.0090
13.0400	0.0070
13.0600	0.0070
13.0800	0.0060
13.1000	0.0040
13.1200	0.0030
13.1400	0.0010
13.1600	-0.0000
13.1800	-0.0010
13.2000	-0.0020
13.2200	-0.0050
13.2400	-0.0050
13.2600	-0.0060
13.2800	-0.0080
13.3000	-0.0070
13.3200	-0.0090
13.3400	-0.0100
13.3600	-0.0110
13.3800	-0.0130
13.4000	-0.0130
13.4200	-0.0140
13.4400	-0.0150
13.4600	-0.0150
13.4800	-0.0150
13.5000	-0.0150
13.5200	-0.0150
13.5400	-0.0150
13.5600	-0.0150
13.5800	-0.0160
13.6000	-0.0150
13.6200	-0.0160
13.6400	-0.0150
13.6600	-0.0140
13.6800	-0.0140
13.7000	-0.0120
13.7200	-0.0120
13.7400	-0.0110
13.7600	-0.0100
13.7800	-0.0090
13.8000	-0.0080
13.8200	-0.0070
13.8400	-0.0060
13.8600	-0.0040
13.8800	-0.0030
13.9000	-0.0010
13.9200	-0.0010
13.9400	0.0000
13.9600	0.0010
13.9800	0.0030
14.0000	0.0040
14.0200	0.0050
14.0400	0.0060
14.0600	0.0080
14.0800	0.0090
14.1000	0.0100
14.1200	0.0110
14.1400	0.0120
14.1600	0.0120
14.1800	0.0140
14.2000	0.0140
14.2200	0.0140
14.2400	0.0150
14.2600	0.0160
14.2800	0.0160
14.3000	0.0160
14.3200	0.0160
14.3400	0.0160
14.3600	0.0160
14.3800	0.0160
14.4000	0.0160
14.4200	0.0150
14.4400	0.0140
14.4600	0.0140
14.4800	0.0140
14.5000	0.0120
14.5200	0.0110
14.5400	0.0100
14.5600	0.0090
14.5800	0.0080
14.6000	0.0070
14.6200	0.0060
14.6400	0.0040
14.6600	0.0040
14.6800	0.0020
14.7000	0.0020
14.7200	0.0000
14.7400	-0.0010
14.7600	-0.0030
14.7800	-0.0040
14.8000	-0.0060
14.8200	-0.0070
14.8400	-0.0090
14.8600	-0.0090
14.8800	-0.0110
14.9000	-0.0110
14.9200	-0.0110
14.9400	-0.0120
14.9600	-0.0130
14.9800	-0.0130
15.0000	-0.0140
15.0200	-0.0150
15.0400	-0.0160
15.0600	-0.0160
15.0800	-0.0170
15.1000	-0.0150
15.1200	-0.0160
15.1400	-0.0160
15.1600	-0.0150
15.1800	-0.0150
15.2000	-0.0150
15.2200	-0.0150
15.2400	-0.0140
15.2600	-0.0130
15.2800	-0.0120
15.3000	-0.0100
15.3200	-0.0090
15.3400	-0.0090
15.3600	-0.0080
15.3800	-0.0070
15.4000	-0.0060
15.4200	-0.0050
15.4400	-0.0040
15.4600	-0.0020
15.4800	-0.0000
15.5000	0.0010
15.5200	0.0030
15.5400	0.0040
15.5600	0.0050
15.5800	0.0060
15.6000	0.0070
15.6200	0.0080
15.6400	0.0090
15.6600	0.0100
15.6800	0.0120
15.7000	0.0120
15.7200	0.0130
15.7400	0.0140
15.7600	0.0150
15.7800	0.0150
15.8000	0.0150
15.8200	0.0150
15.8400	0.0160
15.8600	0.0170
15.8800	0.0170
15.9000	0.0160
15.9200	0.0160
15.9400	0.0160
15.9600	0.0150
15.9800	0.0150
16.0000	0.0140
16.0200	0.0130
16.0400	0.0130
16.0600	0.0130
16.0800	0.0110
16.1000	0.0110
16.1200	0.0090
16.1400	0.0080
16.1600	0.0070
16.1800	0.0060
16.2000	0.0040
16.2200	0.0030
16.2400	0.0010
16.2600	0.0010
16.2800	-0.0010
16.3000	-0.0010
16.3200	-0.0030
16.3400	-0.0050
16.3600	-0.0060
16.3800	-0.0070
16.4000	-0.0080
16.4200	-0.0100
16.4400	-0.0110
16.4600	-0.0120
16.4800	-0.0120
16.5000	-0.0120
16.5200	-0.0130
16.5400	-0.0150
16.5600	-0.0150
16.5800	-0.0150
16.6000	-0.0150
16.6200	-0.0160
16.6400	-0.0160
16.6600	-0.0160
16.6800	-0.0160
16.7000	-0.0150
16.7200	-0.0150
16.7400	-0.0150
16.7600	-0.0140
16.7800	-0.0130
16.8000	-0.0130
16.8200	-0.0130
16.8400	-0.0120
16.8600	-0.0110
16.8800	-0.0100
16.9000	-0.0080
16.9200	-0.0070
16.9400	-0.0070
16.9600	-0.0050
16.9800	-0.0040
17.0000	-0.0020
17.0200	-0.0020
17.0400	-0.0010
17.0600	0.0020
17.0800	0.0030
17.1000	0.0040
17.1200	0.0050
17.1400	0.0060
17.1600	0.0070
17.1800	0.0080
17.2000	0.0100
17.2200	0.0100
17.2400	0.0110
17.2600	0.0130
17.2800	0.0140
17.3000	0.0140
17.3200	0.0140
17.3400	0.0150
17.3600	0.0150
17.3800	0.0160
17.4000	0.0160
17.4200	0.0160
17.4400	0.0160
17.4600	0.0170
17.4800	0.0160
17.5000	0.0150
17.5200	0.0150
17.5400	0.0140
17.5600	0.0140
17.5800	0.0130
17.6000	0.0130
17.6200	0.0110
17.6400	0.0110
17.6600	0.0100
17.6800	0.0090
17.7000	0.0080
17.7200	0.0070
17.7400	0.0050
17.7600	0.0040
17.7800	0.0030
17.8000	0.0020
17.8200	-0.0010
17.8400	-0.0010
17.8600	-0.0020
17.8800	-0.0040
17.9000	-0.0040
17.9200	-0.0050
17.9400	-0.0070
17.9600	-0.0080
17.9800	-0.0090
18.0000	-0.0110
18.0200	-0.0120
18.0400	-0.0130
18.0600	-0.0140
18.0800	-0.0140
18.1000	-0.0140
18.1200	-0.0140
18.1400	-0.0150
18.1600	-0.0150
18.1800	-0.0160
18.2000	-0.0160
18.2200	-0.0170
18.2400	-0.0160
18.2600	-0.0160
18.2800	-0.0160
18.3000	-0.0140
18.3200	-0.0140
18.3400	-0.0140
18.3600	-0.0130
18.3800	-0.0120
18.4000	-0.0110
18.4200	-0.0110
18.4400	-0.0100
18.4600	-0.0090
18.4800	-0.0070
18.5000	-0.0050
18.5200	-0.0040
18.5400	-0.0040
18.5600	-0.0020
18.5800	-0.0010
18.6000	0.0000
18.6200	0.0010
18.6400	0.0020
18.6600	0.0040
18.6800	0.0050
18.7000	0.0070
18.7200	0.0080
18.7400	0.0080
18.7600	0.0100
18.7800	0.0110
18.8000	0.0120
18.8200	0.0120
18.8400	0.0130
18.8600	0.0140
18.8800	0.0150
18.9000	0.0150
18.9200	0.0150
18.9400	0.0150
18.9600	0.0160
18.9800	0.0160
19.0000	0.0160
19.0200	0.0150
19.0400	0.0150
19.0600	0.0160
19.0800	0.0160
19.1000	0.0140
19.1200	0.0140
19.1400	0.0130
19.1600	0.0120
19.1800	0.0110
19.2000	0.0100
19.2200	0.0090
19.2400	0.0080
19.2600	0.0080
19.2800	0.0060
19.3000	0.0050
19.3200	0.0040
19.3400	0.0030
19.3600	0.0010
19.3800	-0.0010
19.4000	-0.0010
19.4200	-0.0030
19.4400	-0.0040
19.4600	-0.0050
19.4800	-0.0070
19.5000	-0.0060
19.5200	-0.0080
19.5400	-0.0090
19.5600	-0.0100
19.5800	-0.0110
19.6000	-0.0120
19.6200	-0.0130
19.6400	-0.0150
19.6600	-0.0140
19.6800	-0.0150
19.7000	-0.0140
19.7200	-0.0150
19.7400	-0.0150
19.7600	-0.0150
19.7800	-0.0150
19.8000	-0.0150
19.8200	-0.0160
19.8400	-0.0150
19.8600	-0.0140
19.8800	-0.0140
19.9000	-0.0130
19.9200	-0.0120
19.9400	-0.0120
19.9600	-0.0110
19.9800	-0.0100
20.0000	-0.0090
20.0200	-0.0080
20.0400	-0.0070
20.0600	-0.0060
20.0800	-0.0050
20.1000	-0.0030
20.1200	-0.0010
20.1400	-0.0010
20.1600	0.0000
20.1800	0.0020
20.2000	0.0030
20.2200	0.0040
20.2400	0.0050
20.2600	0.0070
20.2800	0.0080
20.3000	0.0090
20.3200	0.0100
20.3400	0.0110
20.3600	0.0110
20.3800	0.0120
20.4000	0.0140
20.4200	0.0130
20.4400	0.0140
20.4600	0.0150
20.4800	0.0160
20.5000	0.0150
20.5200	0.0150
20.5400	0.0160
20.5600	0.0160
20.5800	0.0150
20.6000	0.0150
20.6200	0.0140
20.6400	0.0140
20.6600	0.0150
20.6800	0.0140
20.7000	0.0130
20.7200	0.0120
20.7400	0.0110
20.7600	0.0100
20.7800	0.0090
20.8000	0.0080
20.8200	0.0060
20.8400	0.0060
20.8600	0.0050
20.8800	0.0040
20.9000	0.0030
20.9200	0.0020
20.9400	-0.0000
20.9600	-0.0010
20.9800	-0.0030
21.0000	-0.0040
21.0200	-0.0050
21.0400	-0.0070
21.0600	-0.0070
21.0800	-0.0080
21.1000	-0.0090
21.1200	-0.0100
21.1400	-0.0110
21.1600	-0.0120
21.1800	-0.0120
21.2000	-0.0130
21.2200	-0.0140
21.2400	-0.0150
21.2600	-0.0150
21.2800	-0.0160
21.3000	-0.0140
21.3200	-0.0150
21.3400	-0.0150
21.3600	-0.0150
21.3800	-0.0150
21.4000	-0.0150
21.4200	-0.0150
21.4400	-0.0140
21.4600	-0.0140
21.4800	-0.0120
21.5000	-0.0110
21.5200	-0.0100
21.5400	-0.0100
21.5600	-0.0090
21.5800	-0.0080
21.6000	-0.0070
21.6200	-0.0060
21.6400	-0.0060
21.6600	-0.0040
21.6800	-0.0020
21.7000	-0.0010
21.7200	0.0010
21.7400	0.0020
21.7600	0.0030
21.7800	0.0040
21.8000	0.0050
21.8200	0.0060
21.8400	0.0070
21.8600	0.0090
21.8800	0.0100
21.9000	0.0100
21.9200	0.0110
21.9400	0.0120
21.9600	0.0130
21.9800	0.0130
22.0000	0.0140
22.0200	0.0140
22.0400	0.0140
22.0600	0.0150
22.0800	0.0160
22.1000	0.0160
22.1200	0.0150
22.1400	0.0150
22.1600	0.0150
22.1800	0.0150
22.2000	0.0140
22.2200	0.0140
22.2400	0.0130
22.2600	0.0130
22.2800	0.0120
22.3000	0.0110
22.3200	0.0110
22.3400	0.0100
22.3600	0.0090
22.3800	0.0070
22.4000	0.0060
22.4200	0.0050
22.4400	0.0030
22.4600	0.0030
22.4800	0.0020
22.5000	0.0010
22.5200	-0.0000
22.5400	-0.0020
22.5600	-0.0040
22.5800	-0.0050
22.6000	-0.0050
22.6200	-0.0070
22.6400	-0.0090
22.6600	-0.0090
22.6800	-0.0110
22.7000	-0.0100
22.7200	-0.0120
22.7400	-0.0120
22.7600	-0.0130
22.7800	-0.0140
22.8000	-0.0140
22.8200	-0.0160
22.8400	-0.0160
22.8600	-0.0160
22.8800	-0.0160
22.9000	-0.0150
22.9200	-0.0140
22.9400	-0.0150
22.9600	-0.0140
22.9800	-0.0140
23.0000	-0.0140
23.0200	-0.0140
23.0400	-0.0130
23.0600	-0.0120
23.0800	-0.0110
23.1000	-0.0090
23.1200	-0.0080
23.1400	-0.0080
23.1600	-0.0070
23.1800	-0.0060
23.2000	-0.0040
23.2200	-0.0040
23.2400	-0.0030
23.2600	-0.0010
23.2800	0.0000
23.3000	0.0020
23.3200	0.0030
23.3400	0.0040
23.3600	0.0050
23.3800	0.0060
23.4000	0.0070
23.4200	0.0080
23.4400	0.0090
23.4600	0.0110
23.4800	0.0120
23.5000	0.0120
23.5200	0.0130
23.5400	0.0130
23.5600	0.0140
23.5800	0.0140
23.6000	0.0150
23.6200	0.0140
23.6400	0.0150
23.6600	0.0160
23.6800	0.0160
23.7000	0.0150
23.7200	0.0150
23.7400	0.0150
23.7600	0.0150
23.7800	0.0140
23.8000	0.0140
23.8200	0.0130
23.8400	0.0120
23.8600	0.0120
23.8800	0.0110
23.9000	0.0100
23.9200	0.0090
23.9400	0.0070
23.9600	0.0060
23.9800	0.0050
24.0000	0.0040
24.0200	0.0020
24.0400	0.0010
24.0600	0.0010
24.0800	-0.0010
24.1000	-0.0020
24.1200	-0.0030
24.1400	-0.0050
24.1600	-0.0060
24.1800	-0.0070
24.2000	-0.0080
24.2200	-0.0100
24.2400	-0.0110
24.2600	-0.0110
24.2800	-0.0120
24.3000	-0.0120
24.3200	-0.0130
24.3400	-0.0130
24.3600	-0.0140
24.3800	-0.0140
24.4000	-0.0150
24.4200	-0.0160
24.4400	-0.0150
24.4600	-0.0160
24.4800	-0.0160
24.5000	-0.0140
24.5200	-0.0140
24.5400	-0.0140
24.5600	-0.0140
24.5800	-0.0130
24.6000	-0.0130
24.6200	-0.0120
24.6400	-0.0110
24.6600	-0.0110
24.6800	-0.0090
24.7000	-0.0080
24.7200	-0.0060
24.7400	-0.0060
24.7600	-0.0050
24.7800	-0.0030
24.8000	-0.0020
24.8200	-0.0020
24.8400	-0.0010
24.8600	0.0010
24.8800	0.0030
24.9000	0.0040
24.9200	0.0060
24.9400	0.0060
24.9600	0.0070
24.9800	0.0080
25.0000	0.0090
25.0200	0.0100
25.0400	0.0110
25.0600	0.0120
25.0800	0.0130
25.1000	0.0130
25.1200	0.0140
25.1400	0.0140
25.1600	0.0150
25.1800	0.0150
25.2000	0.0150
25.2200	0.0150
25.2400	0.0150
25.2600	0.0160
25.2800	0.0150
25.3000	0.0150
25.3200	0.0140
25.3400	0.0140
25.3600	0.0140
25.3800	0.0130
25.4000	0.0130
25.4200	0.0110
25.4400	0.0100
25.4600	0.0100
25.4800	0.0090
25.5000	0.0080
25.5200	0.0070
25.5400	0.0050
25.5600	0.0040
25.5800	0.0030
25.6000	0.0020
25.6200	0.0000
25.6400	-0.0010
25.6600	-0.0010
25.6800	-0.0030
25.7000	-0.0040
25.7200	-0.0050
25.7400	-0.0070
25.7600	-0.0080
25.7800	-0.0090
25.8000	-0.0100
25.8200	-0.0110
25.8400	-0.0120
25.8600	-0.0130
25.8800	-0.0130
25.9000	-0.0130
25.9200	-0.0130
25.9400	-0.0150
25.9600	-0.0150
25.9800	-0.0150
26.0000	-0.0150
26.0200	-0.0160
26.0400	-0.0160
26.0600	-0.0150
26.0800	-0.0150
26.1000	-0.0140
26.1200	-0.0130
26.1400	-0.0130
26.1600	-0.0130
26.1800	-0.0120
26.2000	-0.0110
26.2200	-0.0110
26.2400	-0.0100
26.2600	-0.0080
26.2800	-0.0070
26.3000	-0.0060
26.3200	-0.0040
26.3400	-0.0030
26.3600	-0.0030
26.3800	-0.0010
26.4000	0.0000
26.4200	0.0010
26.4400	0.0020
26.4600	0.0040
26.4800	0.0050
26.5000	0.0060
26.5200	0.0070
26.5400	0.0080
26.5600	0.0090
26.5800	0.0100
26.6000	0.0110
26.6200	0.0120
26.6400	0.0120
26.6600	0.0140
26.6800	0.0150
26.7000	0.0150
26.7200	0.0150
26.7400	0.0150
26.7600	0.0150
26.7800	0.0160
26.8000	0.0160
26.8200	0.0150
26.8400	0.0150
26.8600	0.0150
26.8800	0.0150
26.9000	0.0140
26.9200	0.0140
26.9400	0.0130
26.9600	0.0120
26.9800	0.0110
27.0000	0.0100
27.0200	0.0090
27.0400	0.0080
27.0600	0.0080
27.0800	0.0070
27.1000	0.0060
27.1200	0.0050
27.1400	0.0030
27.1600	0.0020
27.1800	0.0010
27.2000	-0.0000
27.2200	-0.0020
27.2400	-0.0040
27.2600	-0.0050
27.2800	-0.0060
27.3000	-0.0060
27.3200	-0.0070
27.3400	-0.0090
27.3600	-0.0100
27.3800	-0.0110
27.4000	-0.0120
27.4200	-0.0130
27.4400	-0.0140
27.4600	-0.0140
27.4800	-0.0150
27.5000	-0.0140
27.5200	-0.0150
27.5400	-0.0150
27.5600	-0.0160
27.5800	-0.0150
27.6000	-0.0150
27.6200	-0.0160
27.6400	-0.0150
27.6600	-0.0150
27.6800	-0.0140
27.7000	-0.0130
27.7200	-0.0130
27.7400	-0.0120
27.7600	-0.0110
27.7800	-0.0100
27.8000	-0.0090
27.8200	-0.0090
27.8400	-0.0080
27.8600	-0.0060
27.8800	-0.0050
27.9000	-0.0030
27.9200	-0.0020
27.9400	-0.0020
27.9600	-0.0010
27.9800	0.0010
28.0000	0.0020
28.0200	0.0030
28.0400	0.0050
28.0600	0.0060
28.0800	0.0080
28.1000	0.0090
28.1200	0.0100
28.1400	0.0100
28.1600	0.0110
28.1800	0.0130
28.2000	0.0130
28.2200	0.0130
28.2400	0.0140
28.2600	0.0150
28.2800	0.0160
28.3000	0.0150
28.3200	0.0150
28.3400	0.0160
28.3600	0.0160
28.3800	0.0160
28.4000	0.0160
28.4200	0.0150
28.4400	0.0150
28.4600	0.0150
28.4800	0.0140
28.5000	0.0130
28.5200	0.0120
28.5400	0.0110
28.5600	0.0110
28.5800	0.0100
28.6000	0.0090
28.6200	0.0070
28.6400	0.0060
28.6600	0.0050
28.6800	0.0040
28.7000	0.0030
28.7200	0.0020
28.7400	0.0010
28.7600	-0.0010
28.7800	-0.0020
28.8000	-0.0030
28.8200	-0.0050
28.8400	-0.0060
28.8600	-0.0070
28.8800	-0.0080
28.9000	-0.0080
28.9200	-0.0100
28.9400	-0.0110
28.9600	-0.0120
28.9800	-0.0130
29.0000	-0.0130
29.0200	-0.0150
29.0400	-0.0150
29.0600	-0.0150
29.0800	-0.0160
29.1000	-0.0150
29.1200	-0.0150
29.1400	-0.0160
29.1600	-0.0150
29.1800	-0.0150
29.2000	-0.0150
29.2200	-0.0150
29.2400	-0.0140
29.2600	-0.0140
29.2800	-0.0130
29.3000	-0.0110
29.3200	-0.0100
29.3400	-0.0100
29.3600	-0.0090
29.3800	-0.0080
29.4000	-0.0070
29.4200	-0.0060
29.4400	-0.0050
29.4600	-0.0040
29.4800	-0.0020
29.5000	-0.0000
29.5200	0.0000
29.5400	0.0010
29.5600	0.0030
29.5800	0.0040
29.6000	0.0040
29.6200	0.0050
29.6400	0.0070
29.6600	0.0090
29.6800	0.0100
29.7000	0.0100
29.7200	0.0110
29.7400	0.0120
29.7600	0.0120
29.7800	0.0140
29.8000	0.0140
29.8200	0.0150
29.8400	0.0150
29.8600	0.0160
29.8800	0.0160
29.9000	0.0160
29.9200	0.0160
29.9400	0.0160
29.9600	0.0160
29.9800	0.0150
30.0000	0.0150
30.0200	0.0140
30.0400	0.0140
30.0600	0.0140
30.0800	0.0130
30.1000	0.0120
30.1200	0.0110
30.1400	0.0100
30.1600	0.0090
30.1800	0.0080
30.2000	0.0060
30.2200	0.0050
30.2400	0.0040
30.2600	0.0030
30.2800	0.0020
30.3000	0.0010
30.3200	-0.0010
30.3400	-0.0020
30.3600	-0.0030
30.3800	-0.0050
30.4000	-0.0060
30.4200	-0.0080
30.4400	-0.0090
30.4600	-0.0100
30.4800	-0.0100
30.5000	-0.0100
30.5200	-0.0120
30.5400	-0.0130
30.5600	-0.0130
30.5800	-0.0140
30.6000	-0.0140
30.6200	-0.0150
30.6400	-0.0160
30.6600	-0.0160
30.6800	-0.0160
30.7000	-0.0150
30.7200	-0.0150
30.7400	-0.0150
30.7600	-0.0140
30.7800	-0.0140
30.8000	-0.0140
30.8200	-0.0140
30.8400	-0.0130
30.8600	-0.0130
30.8800	-0.0120
30.9000	-0.0100
30.9200	-0.0080
30.9400	-0.0080
30.9600	-0.0070
30.9800	-0.0060
31.0000	-0.0050
31.0200	-0.0040
31.0400	-0.0030
31.0600	-0.0010
31.0800	-0.0000
31.1000	0.0020
31.1200	0.0030
31.1400	0.0040
31.1600	0.0050
31.1800	0.0070
31.2000	0.0080
31.2200	0.0080
31.2400	0.0090
31.2600	0.0110
31.2800	0.0120
31.3000	0.0120
31.3200	0.0130
31.3400	0.0130
31.3600	0.0140
31.3800	0.0150
31.4000	0.0150
31.4200	0.0150
31.4400	0.0150
31.4600	0.0160
31.4800	0.0160
31.5000	0.0160
31.5200	0.0150
31.5400	0.0150
31.5600	0.0150
31.5800	0.0140
31.6000	0.0140
31.6200	0.0120
31.6400	0.0120
31.6600	0.0120
31.6800	0.0110
31.7000	0.0100
31.7200	0.0090
31.7400	0.0070
31.7600	0.0060
31.7800	0.0060
31.8000	0.0040
31.8200	0.0020
31.8400	0.0010
31.8600	-0.0000
31.8800	-0.0010
31.9000	-0.0020
31.9200	-0.0030
31.9400	-0.0050
31.9600	-0.0060
31.9800	-0.0070
32.0000	-0.0080
32.0200	-0.0100
32.0400	-0.0110
32.0600	-0.0120
32.0800	-0.0130
32.1000	-0.0120
32.1200	-0.0130
32.1400	-0.0140
32.1600	-0.0150
32.1800	-0.0150
32.2000	-0.0150
32.2200	-0.0160
32.2400	-0.0160
32.2600	-0.0160
32.2800	-0.0160
32.3000	-0.0150
32.3200	-0.0140
32.3400	-0.0140
32.3600	-0.0140
32.3800	-0.0130
32.4000	-0.0120
32.4200	-0.0130
32.4400	-0.0120
32.4600	-0.0100
32.4800	-0.0090
32.5000	-0.0080
32.5200	-0.0060
32.5400	-0.0060
32.5600	-0.0050
32.5800	-0.0040
32.6000	-0.0020
32.6200	-0.0010
32.6400	-0.0000
32.6600	0.0020
32.6800	0.0030
32.7000	0.0050
32.7200	0.0050
32.7400	0.0060
32.7600	0.0080
32.7800	0.0090
32.8000	0.0100
32.8200	0.0100
32.8400	0.0110
32.8600	0.0120
32.8800	0.0140
32.9000	0.0140
32.9200	0.0140
32.9400	0.0150
32.9600	0.0160
32.9800	0.0160
33.0000	0.0160
33.0200	0.0150
33.0400	0.0150
33.0600	0.0160
33.0800	0.0160
33.1000	0.0150
33.1200	0.0150
33.1400	0.0150
33.1600	0.0140
33.1800	0.0130
33.2000	0.0120
33.2200	0.0110
33.2400	0.0100
33.2600	0.0100
33.2800	0.0090
33.3000	0.0080
33.3200	0.0070
33.3400	0.0050
33.3600	0.0040
33.3800	0.0030
33.4000	0.0010
33.4200	-0.0000
33.4400	-0.0020
33.4600	-0.0020
33.4800	-0.0040
33.5000	-0.0040
33.5200	-0.0050
33.5400	-0.0070
33.5600	-0.0080
33.5800	-0.0100
33.6000	-0.0100
33.6200	-0.0120
33.6400	-0.0130
33.6600	-0.0130
33.6800	-0.0140
33.7000	-0.0130
33.7200	-0.0140
33.7400	-0.0150
33.7600	-0.0150
33.7800	-0.0150
33.8000	-0.0150
33.8200	-0.0160
33.8400	-0.0160
33.8600	-0.0160
33.8800	-0.0150
33.9000	-0.0140
33.9200	-0.0130
33.9400	-0.0130
33.9600	-0.0120
33.9800	-0.0120
34.0000	-0.0110
34.0200	-0.0100
34.0400	-0.0090
34.0600	-0.0080
34.0800	-0.0070
34.1000	-0.0050
34.1200	-0.0030
34.1400	-0.0030
34.1600	-0.0020
34.1800	-0.0010
34.2000	0.0000
34.2200	0.0010
34.2400	0.0030
34.2600	0.0040
34.2800	0.0050
34.3000	0.0070
34.3200	0.0080
34.3400	0.0080
34.3600	0.0090
34.3800	0.0110
34.4000	0.0120
34.4200	0.0120
34.4400	0.0120
34.4600	0.0140
34.4800	0.0140
34.5000	0.0150
34.5200	0.0150
34.5400	0.0150
34.5600	0.0150
34.5800	0.0160
34.6000	0.0160
34.6200	0.0150
34.6400	0.0150
34.6600	0.0160
34.6800	0.0150
34.7000	0.0140
34.7200	0.0140
34.7400	0.0130
34.7600	0.0120
34.7800	0.0120
34.8000	0.0110
34.8200	0.0090
34.8400	0.0080
34.8600	0.0070
34.8800	0.0060
34.9000	0.0050
34.9200	0.0040
34.9400	0.0030
34.9600	0.0010
34.9800	0.0000
35.0000	-0.0010
35.0200	-0.0030
35.0400	-0.0040
35.0600	-0.0050
35.0800	-0.0060
35.1000	-0.0070
35.1200	-0.0080
35.1400	-0.0090
35.1600	-0.0100
35.1800	-0.0110
35.2000	-0.0120
35.2200	-0.0130
35.2400	-0.0140
35.2600	-0.0140
35.2800	-0.0150
35.3000	-0.0140
35.3200	-0.0150
35.3400	-0.0150
35.3600	-0.0160
35.3800	-0.0150
35.4000	-0.0150
35.4200	-0.0150
35.4400	-0.0150
35.4600	-0.0140
35.4800	-0.0140
35.5000	-0.0130
35.5200	-0.0120
35.5400	-0.0120
35.5600	-0.0100
35.5800	-0.0100
35.6000	-0.0090
35.6200	-0.0080
35.6400	-0.0070
35.6600	-0.0060
35.6800	-0.0040
35.7000	-0.0030
35.7200	-0.0010
35.7400	-0.0010
35.7600	0.0000
35.7800	0.0020
35.8000	0.0030
35.8200	0.0040
35.8400	0.0050
35.8600	0.0070
35.8800	0.0080
35.9000	0.0090
35.9200	0.0100
35.9400	0.0110
35.9600	0.0120
35.9800	0.0120
36.0000	0.0130
36.0200	0.0140
36.0400	0.0140
36.0600	0.0150
36.0800	0.0160
36.1000	0.0150
36.1200	0.0150
36.1400	0.0160
36.1600	0.0160
36.1800	0.0160
36.2000	0.0160
36.2200	0.0150
36.2400	0.0140
36.2600	0.0140
36.2800	0.0140
36.3000	0.0130
36.3200	0.0120
36.3400	0.0120
36.3600	0.0100
36.3800	0.0100
36.4000	0.0090
36.4200	0.0070
36.4400	0.0060
36.4600	0.0050
36.4800	0.0040
36.5000	0.0030
36.5200	0.0020
36.5400	0.0000
36.5600	-0.0010
36.5800	-0.0030
36.6000	-0.0040
36.6200	-0.0060
36.6400	-0.0070
36.6600	-0.0080
36.6800	-0.0080
36.7000	-0.0090
36.7200	-0.0100
36.7400	-0.0110
36.7600	-0.0120
36.7800	-0.0130
36.8000	-0.0130
36.8200	-0.0140
36.8400	-0.0150
36.8600	-0.0150
36.8800	-0.0150
36.9000	-0.0150
36.9200	-0.0150
36.9400	-0.0150
36.9600	-0.0150
36.9800	-0.0150
37.0000	-0.0150
37.0200	-0.0150
37.0400	-0.0140
37.0600	-0.0130
37.0800	-0.0130
37.1000	-0.0110
37.1200	-0.0100
37.1400	-0.0100
37.1600	-0.0090
37.1800	-0.0080
37.2000	-0.0070
37.2200	-0.0060
37.2400	-0.0050
37.2600	-0.0030
37.2800	-0.0020
37.3000	-0.0000
37.3200	0.0010
37.3400	0.0020
37.3600	0.0030
37.3800	0.0040
37.4000	0.0060
37.4200	0.0060
37.4400	0.0080
37.4600	0.0090
37.4800	0.0100
37.5000	0.0110
37.5200	0.0120
37.5400	0.0120
37.5600	0.0130
37.5800	0.0140
37.6000	0.0140
37.6200	0.0140
37.6400	0.0150
37.6600	0.0160
37.6800	0.0160
37.7000	0.0160
37.7200	0.0150
37.7400	0.0150
37.7600	0.0160
37.7800	0.0150
37.8000	0.0150
37.8200	0.0140
37.8400	0.0130
37.8600	0.0130
37.8800	0.0120
37.9000	0.0110
37.9200	0.0100
37.9400	0.0090
37.9600	0.0080
37.9800	0.0070
38.0000	0.0060
38.0200	0.0040
38.0400	0.0030
38.0600	0.0030
38.0800	0.0010
38.1000	0.0010
38.1200	-0.0010
38.1400	-0.0020
38.1600	-0.0030
38.1800	-0.0050
38.2000	-0.0060
38.2200	-0.0080
38.2400	-0.0090
38.2600	-0.0100
38.2800	-0.0110
38.3000	-0.0110
38.3200	-0.0110
38.3400	-0.0120
38.3600	-0.0140
38.3800	-0.0140
38.4000	-0.0150
38.4200	-0.0150
38.4400	-0.0160
38.4600	-0.0160
38.4800	-0.0150
38.5000	-0.0150
38.5200	-0.0150
38.5400	-0.0140
38.5600	-0.0140
38.5800	-0.0140
38.6000	-0.0140
38.6200	-0.0140
38.6400	-0.0130
38.6600	-0.0120
38.6800	-0.0100
38.7000	-0.0090
38.7200	-0.0080
38.7400	-0.0080
38.7600	-0.0060
38.7800	-0.0060
38.8000	-0.0050
38.8200	-0.0040
38.8400	-0.0020
38.8600	-0.0010
38.8800	0.0000
38.9000	0.0020
38.9200	0.0030
38.9400	0.0040
38.9600	0.0050
38.9800	0.0070
39.0000	0.0080
39.0200	0.0080
39.0400	0.0090
39.0600	0.0110
39.0800	0.0120
39.1000	0.0120
39.1200	0.0130
39.1400	0.0130
39.1600	0.0140
39.1800	0.0150
39.2000	0.0150
39.2200	0.0150
39.2400	0.0150
39.2600	0.0160
39.2800	0.0160
39.3000	0.0150
39.3200	0.0150
39.3400	0.0150
39.3600	0.0150
39.3800	0.0140
39.4000	0.0140
39.4200	0.0130
39.4400	0.0120
39.4600	0.0110
39.4800	0.0110
39.5000	0.0090
39.5200	0.0090
39.5400	0.0070
39.5600	0.0060
39.5800	0.0050
39.6000	0.0040
39.6200	0.0020
39.6400	0.0010
39.6600	-0.0000
39.6800	-0.0010
39.7000	-0.0020
39.7200	-0.0030
39.7400	-0.0050
39.7600	-0.0060
39.7800	-0.0070
39.8000	-0.0080
39.8200	-0.0100
39.8400	-0.0110
39.8600	-0.0110
39.8800	-0.0120
39.9000	-0.0120
39.9200	-0.0130
39.9400	-0.0140
39.9600	-0.0140
39.9800	-0.0140
40.0000	-0.0150
40.0200	-0.0160
40.0400	-0.0160
40.0600	-0.0160
40.0800	-0.0160
40.1000	-0.0140
40.1200	-0.0140
40.1400	-0.0140
40.1600	-0.0140
40.1800	-0.0130
40.2000	-0.0120
40.2200	-0.0120
40.2400	-0.0110
40.2600	-0.0100
40.2800	-0.0090
40.3000	-0.0070
40.3200	-0.0060
40.3400	-0.0050
40.3600	-0.0040
40.3800	-0.0030
40.4000	-0.0020
40.4200	-0.0010
40.4400	0.0000
40.4600	0.0020
40.4800	0.0030
40.5000	0.0040
40.5200	0.0050
40.5400	0.0070
40.5600	0.0080
40.5800	0.0090
40.6000	0.0100
40.6200	0.0100
40.6400	0.0110
40.6600	0.0120
40.6800	0.0130
40.7000	0.0130
40.7200	0.0140
40.7400	0.0150
40.7600	0.0150
40.7800	0.0160
40.8000	0.0160
40.8200	0.0150
40.8400	0.0160
40.8600	0.0160
40.8800	0.0160
40.9000	0.0150
40.9200	0.0150
40.9400	0.0140
40.9600	0.0140
40.9800	0.0130
41.0000	0.0120
41.0200	0.0110
41.0400	0.0100
41.0600	0.0090
41.0800	0.0080
41.1000	0.0080
41.1200	0.0060
41.1400	0.0050
41.1600	0.0030
41.1800	0.0020
41.2000	0.0010
41.2200	-0.0000
41.2400	-0.0020
41.2600	-0.0020
41.2800	-0.0040
41.3000	-0.0040
41.3200	-0.0060
41.3400	-0.0070
41.3600	-0.0080
41.3800	-0.0090
41.4000	-0.0110
41.4200	-0.0110
41.4400	-0.0120
41.4600	-0.0130
41.4800	-0.0130
41.5000	-0.0130
41.5200	-0.0140
41.5400	-0.0150
41.5600	-0.0150
41.5800	-0.0150
41.6000	-0.0150
41.6200	-0.0160
41.6400	-0.0160
41.6600	-0.0150
41.6800	-0.0150
41.7000	-0.0140
41.7200	-0.0130
41.7400	-0.0120
41.7600	-0.0130
41.7800	-0.0110
41.8000	-0.0110
41.8200	-0.0100
41.8400	-0.0100
41.8600	-0.0080
41.8800	-0.0070
41.9000	-0.0050
41.9200	-0.0040
41.9400	-0.0030
41.9600	-0.0020
41.9800	-0.0010
42.0000	0.0000
42.0200	0.0010
42.0400	0.0020
42.0600	0.0050
42.0800	0.0060
42.1000	0.0070
42.1200	0.0080
42.1400	0.0090
42.1600	0.0100
42.1800	0.0110
42.2000	0.0120
42.2200	0.0120
42.2400	0.0130
42.2600	0.0140
42.2800	0.0150
42.3000	0.0140
42.3200	0.0150
42.3400	0.0150
42.3600	0.0160
42.3800	0.0160
42.4000	0.0160
42.4200	0.0150
42.4400	0.0150
42.4600	0.0160
42.4800	0.0150
42.5000	0.0140
42.5200	0.0140
42.5400	0.0130
42.5600	0.0120
42.5800	0.0110
42.6000	0.0100
42.6200	0.0090
42.6400	0.0080
42.6600	0.0070
42.6800	0.0070
42.7000	0.0060
42.7200	0.0040
42.7400	0.0020
42.7600	0.0010
42.7800	0.0000
42.8000	-0.0010
42.8200	-0.0030
42.8400	-0.0050
42.8600	-0.0050
42.8800	-0.0060
42.9000	-0.0070
42.9200	-0.0080
42.9400	-0.0090
42.9600	-0.0100
42.9800	-0.0110
43.0000	-0.0120
43.0200	-0.0130
43.0400	-0.0140
43.0600	-0.0150
43.0800	-0.0150
43.1000	-0.0140
43.1200	-0.0150
43.1400	-0.0150
43.1600	-0.0150
43.1800	-0.0150
43.2000	-0.0140
43.2200	-0.0160
43.2400	-0.0150
43.2600	-0.0150
43.2800	-0.0140
43.3000	-0.0130
43.3200	-0.0110
43.3400	-0.0120
43.3600	-0.0110
43.3800	-0.0100
43.4000	-0.0090
43.4200	-0.0080
43.4400	-0.0070
43.4600	-0.0060
43.4800	-0.0050
43.5000	-0.0020
43.5200	-0.0010
43.5400	-0.0010
43.5600	0.0010
43.5800	0.0020
43.6000	0.0030
43.6200	0.0030
43.6400	0.0050
43.6600	0.0070
43.6800	0.0080
43.7000	0.0090
43.7200	0.0100
43.7400	0.0110
43.7600	0.0120
43.7800	0.0120
43.8000	0.0130
43.8200	0.0140
43.8400	0.0140
43.8600	0.0150
43.8800	0.0150
43.9000	0.0150
43.9200	0.0160
43.9400	0.0160
43.9600	0.0160
43.9800	0.0160
44.0000	0.0150
44.0200	0.0150
44.0400	0.0140
44.0600	0.0140
44.0800	0.0140
44.1000	0.0130
44.1200	0.0120
44.1400	0.0120
44.1600	0.0100
44.1800	0.0100
44.2000	0.0080
44.2200	0.0070
44.2400	0.0060
44.2600	0.0050
44.2800	0.0040
44.3000	0.0030
44.3200	0.0010
44.3400	0.0000
44.3600	-0.0010
44.3800	-0.0020
44.4000	-0.0040
44.4200	-0.0060
44.4400	-0.0070
44.4600	-0.0070
44.4800	-0.0080
44.5000	-0.0090
44.5200	-0.0100
44.5400	-0.0110
44.5600	-0.0120
44.5800	-0.0130
44.6000	-0.0140
44.6200	-0.0150
44.6400	-0.0150
44.6600	-0.0150
44.6800	-0.0150
44.7000	-0.0150
44.7200	-0.0150
44.7400	-0.0150
44.7600	-0.0150
44.7800	-0.0150
44.8000	-0.0140
44.8200	-0.0150
44.8400	-0.0140
44.8600	-0.0140
44.8800	-0.0120
44.9000	-0.0110
44.9200	-0.0100
44.9400	-0.0090
44.9600	-0.0090
44.9800	-0.0080
45.0000	-0.0070
45.0200	-0.0060
45.0400	-0.0050
45.0600	-0.0030
45.0800	-0.0020
45.1000	-0.0000
45.1200	0.0010
45.1400	0.0020
45.1600	0.0030
45.1800	0.0040
45.2000	0.0060
45.2200	0.0060
45.2400	0.0080
45.2600	0.0090
45.2800	0.0100
45.3000	0.0110
45.3200	0.0120
45.3400	0.0120
45.3600	0.0130
45.3800	0.0140
45.4000	0.0150
45.4200	0.0140
45.4400	0.0150
45.4600	0.0160
45.4800	0.0160
45.5000	0.0160
45.5200	0.0150
45.5400	0.0160
45.5600	0.0150
45.5800	0.0150
45.6000	0.0150
45.6200	0.0140
45.6400	0.0130
45.6600	0.0130
45.6800	0.0120
45.7000	0.0110
45.7200	0.0100
45.7400	0.0090
45.7600	0.0090
45.7800	0.0070
45.8000	0.0060
45.8200	0.0040
45.8400	0.0030
45.8600	0.0030
45.8800	0.0010
45.9000	0.0010
45.9200	-0.0010
45.9400	-0.0030
45.9600	-0.0040
45.9800	-0.0050
46.0000	-0.0060
46.0200	-0.0080
46.0400	-0.0090
46.0600	-0.0100
46.0800	-0.0110
46.1000	-0.0110
46.1200	-0.0120
46.1400	-0.0120
46.1600	-0.0130
46.1800	-0.0140
46.2000	-0.0150
46.2200	-0.0160
46.2400	-0.0150
46.2600	-0.0160
46.2800	-0.0160
46.3000	-0.0150
46.3200	-0.0150
46.3400	-0.0150
46.3600	-0.0150
46.3800	-0.0140
46.4000	-0.0140
46.4200	-0.0130
46.4400	-0.0130
46.4600	-0.0120
46.4800	-0.0110
46.5000	-0.0090
46.5200	-0.0080
46.5400	-0.0070
46.5600	-0.0070
46.5800	-0.0060
46.6000	-0.0050
46.6200	-0.0040
46.6400	-0.0020
46.6600	-0.0010
46.6800	0.0010
46.7000	0.0020
46.7200	0.0040
46.7400	0.0040
46.7600	0.0050
46.7800	0.0070
46.8000	0.0080
46.8200	0.0080
46.8400	0.0100
46.8600	0.0110
46.8800	0.0120
46.9000	0.0120
46.9200	0.0130
46.9400	0.0140
46.9600	0.0150
46.9800	0.0150
47.0000	0.0150
47.0200	0.0150
47.0400	0.0160
47.0600	0.0160
47.0800	0.0160
47.1000	0.0160
47.1200	0.0150
47.1400	0.0150
47.1600	0.0150
47.1800	0.0150
47.2000	0.0140
47.2200	0.0120
47.2400	0.0120
47.2600	0.0120
47.2800	0.0100
47.3000	0.0090
47.3200	0.0090
47.3400	0.0070
47.3600	0.0070
47.3800	0.0040
47.4000	0.0040
47.4200	0.0020
47.4400	0.0000
47.4600	-0.0000
47.4800	-0.0020
47.5000	-0.0020
47.5200	-0.0030
47.5400	-0.0050
47.5600	-0.0060
47.5800	-0.0070
47.6000	-0.0090
47.6200	-0.0100
47.6400	-0.0110
47.6600	-0.0120
47.6800	-0.0130
47.7000	-0.0120
47.7200	-0.0130
47.7400	-0.0140
47.7600	-0.0150
47.7800	-0.0150
47.8000	-0.0150
47.8200	-0.0160
47.8400	-0.0160
47.8600	-0.0160
47.8800	-0.0160
47.9000	-0.0140
47.9200	-0.0140
47.9400	-0.0140
47.9600	-0.0130
47.9800	-0.0130
48.0000	-0.0120
48.0200	-0.0120
48.0400	-0.0110
48.0600	-0.0100
48.0800	-0.0090
48.1000	-0.0070
48.1200	-0.0060
48.1400	-0.0050
48.1600	-0.0040
48.1800	-0.0040
48.2000	-0.0020
48.2200	-0.0010
48.2400	0.0000
48.2600	0.0020
48.2800	0.0040
48.3000	0.0050
48.3200	0.0060
48.3400	0.0070
48.3600	0.0080
48.3800	0.0090
48.4000	0.0100
48.4200	0.0100
48.4400	0.0110
48.4600	0.0130
48.4800	0.0140
48.5000	0.0140
48.5200	0.0140
48.5400	0.0150
48.5600	0.0150
48.5800	0.0160
48.6000	0.0160
48.6200	0.0150
48.6400	0.0160
48.6600	0.0160
48.6800	0.0160
48.7000	0.0150
48.7200	0.0150
48.7400	0.0140
48.7600	0.0130
48.7800	0.0130
48.8000	0.0120
48.8200	0.0110
48.8400	0.0100
48.8600	0.0100
48.8800	0.0080
48.9000	0.0080
48.9200	0.0060
48.9400	0.0050
48.9600	0.0030
48.9800	0.0020
49.0000	0.0010
49.0200	-0.0010
49.0400	-0.0020
49.0600	-0.0030
49.0800	-0.0040
49.1000	-0.0040
49.1200	-0.0060
49.1400	-0.0070
49.1600	-0.0080
49.1800	-0.0100
49.2000	-0.0100
49.2200	-0.0120
49.2400	-0.0130
49.2600	-0.0130
49.2800	-0.0140
49.3000	-0.0130
49.3200	-0.0140
49.3400	-0.0150
49.3600	-0.0140
49.3800	-0.0150
49.4000	-0.0150
49.4200	-0.0160
49.4400	-0.0150
49.4600	-0.0150
49.4800	-0.0150
49.5000	-0.0130
49.5200	-0.0130
49.5400	-0.0130
49.5600	-0.0120
49.5800	-0.0120
49.6000	-0.0110
49.6200	-0.0100
49.6400	-0.0100
49.6600	-0.0080
49.6800	-0.0070
49.7000	-0.0050
49.7200	-0.0040
49.7400	-0.0030
49.7600	-0.0020
49.7800	-0.0000
49.8000	0.0010
49.8200	0.0020
49.8400	0.0030
49.8600	0.0040
49.8800	0.0060
49.9000	0.0070
49.9200	0.0080
49.9400	0.0090
49.9600	0.0100
49.9800	0.0110
50.0000	0.0120
50.0200	0.0120
50.0400	0.0130
50.0600	0.0150
50.0800	0.0150
50.1000	0.0150
50.1200	0.0150
50.1400	0.0150
50.1600	0.0160
50.1800	0.0160
50.2000	0.0160
50.2200	0.0150
50.2400	0.0150
50.2600	0.0150
50.2800	0.0150
50.3000	0.0140
50.3200	0.0130
50.3400	0.0120
50.3600	0.0120
50.3800	0.0110
50.4000	0.0110
50.4200	0.0090
50.4400	0.0080
50.4600	0.0070
50.4800	0.0070
50.5000	0.0050
50.5200	0.0040
50.5400	0.0020
50.5600	0.0010
50.5800	0.0000
50.6000	-0.0010
50.6200	-0.0030
50.6400	-0.0050
50.6600	-0.0060
50.6800	-0.0070
50.7000	-0.0070
50.7200	-0.0080
50.7400	-0.0100
50.7600	-0.0110
50.7800	-0.0110
50.8000	-0.0130
50.8200	-0.0130
50.8400	-0.0140
50.8600	-0.0150
50.8800	-0.0150
50.9000	-0.0140
50.9200	-0.0150
50.9400	-0.0160
50.9600	-0.0150
50.9800	-0.0150
51.0000	-0.0150
51.0200	-0.0150
51.0400	-0.0150
51.0600	-0.0140
51.0800	-0.0140
51.1000	-0.0120
51.1200	-0.0120
51.1400	-0.0120
51.1600	-0.0100
51.1800	-0.0100
51.2000	-0.0090
51.2200	-0.0080
51.2400	-0.0070
51.2600	-0.0060
51.2800	-0.0040
51.3000	-0.0020
51.3200	-0.0010
51.3400	-0.0000
51.3600	0.0000
51.3800	0.0020
51.4000	0.0030
51.4200	0.0040
51.4400	0.0050
51.4600	0.0070
51.4800	0.0080
51.5000	0.0090
51.5200	0.0100
51.5400	0.0110
51.5600	0.0110
51.5800	0.0130
51.6000	0.0140
51.6200	0.0140
51.6400	0.0140
51.6600	0.0160
51.6800	0.0150
51.7000	0.0160
51.7200	0.0160
51.7400	0.0160
51.7600	0.0160
51.7800	0.0150
51.8000	0.0150
51.8200	0.0150
51.8400	0.0140
51.8600	0.0150
51.8800	0.0140
51.9000	0.0130
51.9200	0.0120
51.9400	0.0110
51.9600	0.0100
51.9800	0.0090
52.0000	0.0080
52.0200	0.0060
52.0400	0.0050
52.0600	0.0050
52.0800	0.0040
52.1000	0.0030
52.1200	0.0010
52.1400	-0.0010
52.1600	-0.0020
52.1800	-0.0030
52.2000	-0.0040
52.2200	-0.0060
52.2400	-0.0060
52.2600	-0.0080
52.2800	-0.0090
52.3000	-0.0090
52.3200	-0.0100
52.3400	-0.0110
52.3600	-0.0120
52.3800	-0.0130
52.4000	-0.0140
52.4200	-0.0140
52.4400	-0.0150
52.4600	-0.0150
52.4800	-0.0160
52.5000	-0.0150
52.5200	-0.0150
52.5400	-0.0150
52.5600	-0.0150
52.5800	-0.0150
52.6000	-0.0140
52.6200	-0.0150
52.6400	-0.0140
52.6600	-0.0130
52.6800	-0.0120
52.7000	-0.0110
52.7200	-0.0100
52.7400	-0.0100
52.7600	-0.0080
52.7800	-0.0080
52.8000	-0.0070
52.8200	-0.0060
52.8400	-0.0050
52.8600	-0.0030
52.8800	-0.0020
52.9000	0.0000
52.9200	0.0010
52.9400	0.0020
52.9600	0.0030
52.9800	0.0050
53.0000	0.0050
53.0200	0.0070
53.0400	0.0070
53.0600	0.0090
53.0800	0.0100
53.1000	0.0110
53.1200	0.0120
53.1400	0.0130
53.1600	0.0140
53.1800	0.0140
53.2000	0.0150
53.2200	0.0140
53.2400	0.0150
53.2600	0.0160
53.2800	0.0160
53.3000	0.0160
53.3200	0.0150
53.3400	0.0150
53.3600	0.0150
53.3800	0.0150
53.4000	0.0140
53.4200	0.0140
53.4400	0.0130
53.4600	0.0130
53.4800	0.0120
53.5000	0.0110
53.5200	0.0100
53.5400	0.0090
53.5600	0.0080
53.5800	0.0070
53.6000	0.0060
53.6200	0.0040
53.6400	0.0020
53.6600	0.0020
53.6800	0.0010
53.7000	0.0000
53.7200	-0.0010
53.7400	-0.0030
53.7600	-0.0040
53.7800	-0.0050
53.8000	-0.0060
53.8200	-0.0080
53.8400	-0.0090
53.8600	-0.0090
53.8800	-0.0100
53.9000	-0.0100
53.9200	-0.0110
53.9400	-0.0130
53.9600	-0.0140
53.9800	-0.0140
54.0000	-0.0140
54.0200	-0.0150
54.0400	-0.0150
54.0600	-0.0160
54.0800	-0.0150
54.1000	-0.0150
54.1200	-0.0140
54.1400	-0.0150
54.1600	-0.0150
54.1800	-0.0140
54.2000	-0.0130
54.2200	-0.0140
54.2400	-0.0130
54.2600	-0.0120
54.2800	-0.0110
54.3000	-0.0090
54.3200	-0.0080
54.3400	-0.0070
54.3600	-0.0060
54.3800	-0.0050
54.4000	-0.0040
54.4200	-0.0030
54.4400	-0.0020
54.4600	-0.0000
54.4800	0.0010
54.5000	0.0020
54.5200	0.0030
54.5400	0.0050
54.5600	0.0060
54.5800	0.0070
54.6000	0.0080
54.6200	0.0090
54.6400	0.0090
54.6600	0.0110
54.6800	0.0120
54.7000	0.0120
54.7200	0.0140
54.7400	0.0140
54.7600	0.0140
54.7800	0.0150
54.8000	0.0150
54.8200	0.0150
54.8400	0.0150
54.8600	0.0160
54.8800	0.0160
54.9000	0.0150
54.9200	0.0150
54.9400	0.0150
54.9600	0.0150
54.9800	0.0140
55.0000	0.0130
55.0200	0.0120
55.0400	0.0120
55.0600	0.0120
55.0800	0.0110
55.1000	0.0090
55.1200	0.0080
55.1400	0.0070
55.1600	0.0060
55.1800	0.0050
55.2000	0.0030
55.2200	0.0020
55.2400	0.0010
55.2600	-0.0010
55.2800	-0.0010
55.3000	-0.0030
55.3200	-0.0040
55.3400	-0.0050
55.3600	-0.0060
55.3800	-0.0080
55.4000	-0.0080
55.4200	-0.0100
55.4400	-0.0110
55.4600	-0.0120
55.4800	-0.0120
55.5000	-0.0120
55.5200	-0.0130
55.5400	-0.0140
55.5600	-0.0140
55.5800	-0.0150
55.6000	-0.0150
55.6200	-0.0160
55.6400	-0.0160
55.6600	-0.0160
55.6800	-0.0150
55.7000	-0.0140
55.7200	-0.0140
55.7400	-0.0140
55.7600	-0.0130
55.7800	-0.0130
55.8000	-0.0120
55.8200	-0.0120
55.8400	-0.0110
55.8600	-0.0100
55.8800	-0.0090
55.9000	-0.0070
55.9200	-0.0060
55.9400	-0.0050
55.9600	-0.0040
55.9800	-0.0030
56.0000	-0.0020
56.0200	-0.0010
56.0400	0.0000
56.0600	0.0020
56.0800	0.0040
56.1000	0.0050
56.1200	0.0060
56.1400	0.0070
56.1600	0.0080
56.1800	0.0090
56.2000	0.0100
56.2200	0.0100
56.2400	0.0110
56.2600	0.0130
56.2800	0.0140
56.3000	0.0140
56.3200	0.0150
56.3400	0.0150
56.3600	0.0150
56.3800	0.0150
56.4000	0.0160
56.4200	0.0150
56.4400	0.0160
56.4600	0.0160
56.4800	0.0160
56.5000	0.0150
56.5200	0.0140
56.5400	0.0140
56.5600	0.0140
56.5800	0.0130
56.6000	0.0120
56.6200	0.0110
56.6400	0.0090
56.6600	0.0100
56.6800	0.0080
56.7000	0.0070
56.7200	0.0060
56.7400	0.0050
56.7600	0.0030
56.7800	0.0020
56.8000	0.0010
56.8200	-0.0010
56.8400	-0.0020
56.8600	-0.0020
56.8800	-0.0040
56.9000	-0.0050
56.9200	-0.0060
56.9400	-0.0080
56.9600	-0.0090
56.9800	-0.0100
57.0000	-0.0100
57.0200	-0.0120
57.0400	-0.0130
57.0600	-0.0130
57.0800	-0.0140
57.1000	-0.0130
57.1200	-0.0140
57.1400	-0.0150
57.1600	-0.0150
57.1800	-0.0160
57.2000	-0.0150
57.2200	-0.0160
57.2400	-0.0160
57.2600	-0.0150
57.2800	-0.0150
57.3000	-0.0130
57.3200	-0.0130
57.3400	-0.0130
57.3600	-0.0120
57.3800	-0.0110
57.4000	-0.0100
