LDM 42E measurement:
Do, 4. Mai 2017
10:36:50
0.0200	0.0300
0.0400	0.0330
0.0600	0.0360
0.0800	0.0160
0.1000	0.0180
0.1200	0.0190
0.1400	0.0200
0.1600	0.0220
0.1800	0.0240
0.2000	0.0250
0.2200	0.0260
0.2400	0.0270
0.2600	0.0270
0.2800	0.0270
0.3000	0.0280
0.3200	0.0270
0.3400	0.0270
0.3600	0.0270
0.3800	0.0260
0.4000	0.0250
0.4200	0.0240
0.4400	0.0230
0.4600	0.0210
0.4800	0.0200
0.5000	0.0180
0.5200	0.0160
0.5400	0.0140
0.5600	0.0120
0.5800	0.0090
0.6000	0.0070
0.6200	0.0050
0.6400	0.0020
0.6600	-0.0010
0.6800	-0.0020
0.7000	-0.0050
0.7200	-0.0060
0.7400	-0.0080
0.7600	-0.0110
0.7800	-0.0130
0.8000	-0.0150
0.8200	-0.0160
0.8400	-0.0180
0.8600	-0.0200
0.8800	-0.0210
0.9000	-0.0230
0.9200	-0.0220
0.9400	-0.0240
0.9600	-0.0240
0.9800	-0.0240
1.0000	-0.0250
1.0200	-0.0240
1.0400	-0.0250
1.0600	-0.0250
1.0800	-0.0230
1.1000	-0.0230
1.1200	-0.0220
1.1400	-0.0200
1.1600	-0.0190
1.1800	-0.0180
1.2000	-0.0160
1.2200	-0.0140
1.2400	-0.0130
1.2600	-0.0110
1.2800	-0.0090
1.3000	-0.0070
1.3200	-0.0040
1.3400	-0.0020
1.3600	-0.0010
1.3800	0.0020
1.4000	0.0040
1.4200	0.0060
1.4400	0.0070
1.4600	0.0100
1.4800	0.0120
1.5000	0.0140
1.5200	0.0150
1.5400	0.0170
1.5600	0.0190
1.5800	0.0200
1.6000	0.0210
1.6200	0.0230
1.6400	0.0220
1.6600	0.0230
1.6800	0.0250
1.7000	0.0250
1.7200	0.0240
1.7400	0.0240
1.7600	0.0240
1.7800	0.0230
1.8000	0.0230
1.8200	0.0220
1.8400	0.0200
1.8600	0.0190
1.8800	0.0180
1.9000	0.0170
1.9200	0.0150
1.9400	0.0130
1.9600	0.0110
1.9800	0.0100
2.0000	0.0080
2.0200	0.0060
2.0400	0.0040
2.0600	0.0010
2.0800	-0.0000
2.1000	-0.0030
2.1200	-0.0040
2.1400	-0.0060
2.1600	-0.0070
2.1800	-0.0100
2.2000	-0.0120
2.2200	-0.0130
2.2400	-0.0150
2.2600	-0.0160
2.2800	-0.0180
2.3000	-0.0190
2.3200	-0.0190
2.3400	-0.0200
2.3600	-0.0200
2.3800	-0.0210
2.4000	-0.0210
2.4200	-0.0220
2.4400	-0.0220
2.4600	-0.0220
2.4800	-0.0210
2.5000	-0.0210
2.5200	-0.0200
2.5400	-0.0180
2.5600	-0.0180
2.5800	-0.0160
2.6000	-0.0160
2.6200	-0.0140
2.6400	-0.0130
2.6600	-0.0110
2.6800	-0.0100
2.7000	-0.0080
2.7200	-0.0060
2.7400	-0.0050
2.7600	-0.0050
2.7800	-0.0050
2.8000	-0.0050
2.8200	-0.0060
2.8400	-0.0060
2.8600	-0.0060
2.8800	-0.0060
2.9000	-0.0060
2.9200	-0.0050
2.9400	-0.0060
2.9600	-0.0060
2.9800	-0.0060
3.0000	-0.0060
3.0200	-0.0060
3.0400	-0.0060
3.0600	-0.0060
3.0800	-0.0050
3.1000	-0.0050
3.1200	-0.0040
3.1400	-0.0040
3.1600	-0.0040
3.1800	-0.0040
3.2000	-0.0030
3.2200	-0.0030
3.2400	-0.0030
3.2600	-0.0020
3.2800	-0.0010
3.3000	-0.0000
3.3200	0.0000
3.3400	0.0010
3.3600	-0.0000
3.3800	0.0000
3.4000	-0.0000
3.4200	-0.0000
3.4400	-0.0010
3.4600	-0.0010
3.4800	-0.0010
3.5000	-0.0010
3.5200	-0.0010
3.5400	-0.0010
3.5600	-0.0010
3.5800	-0.0020
3.6000	-0.0020
3.6200	-0.0020
3.6400	-0.0020
3.6600	-0.0020
3.6800	-0.0020
3.7000	-0.0020
3.7200	-0.0010
3.7400	-0.0010
3.7600	-0.0020
3.7800	-0.0010
3.8000	-0.0020
3.8200	-0.0010
3.8400	-0.0020
3.8600	-0.0020
3.8800	-0.0010
3.9000	-0.0010
3.9200	-0.0000
3.9400	-0.0000
3.9600	-0.0010
3.9800	-0.0010
4.0000	-0.0010
4.0200	-0.0010
4.0400	-0.0010
4.0600	-0.0010
4.0800	-0.0000
4.1000	-0.0010
4.1200	-0.0010
4.1400	-0.0000
4.1600	-0.0010
4.1800	-0.0010
4.2000	-0.0010
4.2200	-0.0010
4.2400	-0.0010
4.2600	-0.0010
4.2800	-0.0010
4.3000	-0.0010
4.3200	-0.0000
4.3400	-0.0000
4.3600	-0.0010
4.3800	-0.0000
4.4000	-0.0010
4.4200	-0.0000
4.4400	-0.0010
4.4600	-0.0010
4.4800	-0.0000
4.5000	-0.0010
4.5200	0.0010
4.5400	0.0000
4.5600	0.0000
4.5800	0.0000
4.6000	0.0000
4.6200	0.0010
4.6400	-0.0000
4.6600	0.0000
4.6800	0.0010
4.7000	0.0010
4.7200	0.0010
4.7400	0.0020
4.7600	0.0010
4.7800	0.0020
4.8000	0.0010
4.8200	0.0010
4.8400	0.0010
4.8600	0.0010
4.8800	0.0020
4.9000	0.0020
4.9200	0.0020
4.9400	0.0020
4.9600	0.0020
4.9800	0.0020
5.0000	0.0010
5.0200	0.0010
5.0400	0.0010
5.0600	0.0010
5.0800	0.0010
5.1000	0.0010
5.1200	0.0020
5.1400	0.0020
5.1600	0.0010
5.1800	0.0010
5.2000	0.0010
5.2200	0.0010
5.2400	0.0000
5.2600	0.0000
5.2800	0.0010
5.3000	0.0000
5.3200	0.0010
5.3400	0.0000
5.3600	-0.0000
5.3800	0.0000
5.4000	-0.0000
5.4200	-0.0000
5.4400	-0.0010
5.4600	-0.0010
5.4800	-0.0010
5.5000	-0.0010
5.5200	-0.0000
5.5400	0.0000
5.5600	-0.0010
5.5800	-0.0000
5.6000	-0.0010
5.6200	-0.0010
5.6400	-0.0010
5.6600	-0.0010
5.6800	-0.0010
5.7000	-0.0010
5.7200	0.0000
5.7400	-0.0000
5.7600	-0.0000
5.7800	-0.0000
5.8000	-0.0000
5.8200	-0.0000
5.8400	-0.0010
5.8600	-0.0010
5.8800	-0.0010
5.9000	-0.0000
5.9200	0.0000
5.9400	0.0000
5.9600	-0.0000
5.9800	0.0000
6.0000	-0.0000
6.0200	0.0010
6.0400	0.0000
6.0600	0.0000
6.0800	0.0010
6.1000	0.0000
6.1200	0.0020
6.1400	0.0010
6.1600	0.0010
6.1800	0.0010
6.2000	0.0010
6.2200	0.0010
6.2400	0.0010
6.2600	0.0000
6.2800	0.0020
6.3000	0.0010
6.3200	0.0020
6.3400	0.0010
6.3600	0.0010
6.3800	0.0010
6.4000	0.0010
6.4200	0.0010
6.4400	0.0010
6.4600	0.0010
6.4800	0.0010
6.5000	0.0010
6.5200	0.0020
6.5400	0.0010
6.5600	0.0010
6.5800	0.0010
6.6000	0.0010
6.6200	0.0010
6.6400	0.0000
6.6600	0.0000
6.6800	0.0010
6.7000	0.0010
6.7200	0.0010
6.7400	0.0010
6.7600	-0.0000
6.7800	0.0000
6.8000	0.0010
6.8200	-0.0000
6.8400	-0.0010
6.8600	-0.0010
6.8800	-0.0010
6.9000	-0.0010
6.9200	0.0000
6.9400	-0.0000
6.9600	-0.0000
6.9800	-0.0010
7.0000	-0.0010
7.0200	-0.0010
7.0400	-0.0010
7.0600	-0.0010
7.0800	-0.0010
7.1000	-0.0010
7.1200	-0.0000
7.1400	-0.0000
7.1600	0.0000
7.1800	-0.0000
7.2000	-0.0000
7.2200	-0.0000
7.2400	-0.0010
7.2600	-0.0010
7.2800	-0.0000
7.3000	-0.0000
7.3200	0.0010
7.3400	0.0010
7.3600	0.0000
7.3800	0.0000
7.4000	0.0010
7.4200	0.0000
7.4400	0.0000
7.4600	0.0000
7.4800	0.0000
7.5000	0.0000
7.5200	0.0010
7.5400	0.0010
7.5600	0.0000
7.5800	0.0010
7.6000	0.0010
7.6200	0.0010
7.6400	0.0010
7.6600	0.0000
7.6800	0.0010
7.7000	0.0010
7.7200	0.0010
7.7400	0.0020
7.7600	0.0020
7.7800	0.0020
7.8000	0.0010
7.8200	0.0010
7.8400	0.0010
7.8600	0.0010
7.8800	0.0010
7.9000	0.0010
7.9200	0.0010
7.9400	0.0010
7.9600	0.0000
7.9800	0.0000
8.0000	-0.0000
8.0200	-0.0010
8.0400	-0.0010
8.0600	-0.0020
8.0800	-0.0020
8.1000	-0.0030
8.1200	-0.0020
8.1400	-0.0020
8.1600	-0.0030
8.1800	-0.0030
8.2000	-0.0040
8.2200	-0.0040
8.2400	-0.0050
8.2600	-0.0050
8.2800	-0.0040
8.3000	-0.0050
8.3200	-0.0050
8.3400	-0.0050
8.3600	-0.0050
8.3800	-0.0050
8.4000	-0.0060
8.4200	-0.0050
8.4400	-0.0060
8.4600	-0.0060
8.4800	-0.0050
8.5000	-0.0040
8.5200	-0.0040
8.5400	-0.0040
8.5600	-0.0030
8.5800	-0.0030
8.6000	-0.0030
8.6200	-0.0020
8.6400	-0.0020
8.6600	-0.0020
8.6800	-0.0010
8.7000	0.0000
8.7200	0.0010
8.7400	0.0020
8.7600	0.0020
8.7800	0.0030
8.8000	0.0030
8.8200	0.0040
8.8400	0.0040
8.8600	0.0050
8.8800	0.0060
8.9000	0.0070
8.9200	0.0070
8.9400	0.0080
8.9600	0.0080
8.9800	0.0090
9.0000	0.0090
9.0200	0.0090
9.0400	0.0090
9.0600	0.0090
9.0800	0.0090
9.1000	0.0090
9.1200	0.0090
9.1400	0.0090
9.1600	0.0090
9.1800	0.0090
9.2000	0.0080
9.2200	0.0070
9.2400	0.0060
9.2600	0.0050
9.2800	0.0060
9.3000	0.0050
9.3200	0.0040
9.3400	0.0030
9.3600	0.0020
9.3800	0.0010
9.4000	0.0000
9.4200	-0.0010
9.4400	-0.0020
9.4600	-0.0030
9.4800	-0.0040
9.5000	-0.0050
9.5200	-0.0050
9.5400	-0.0060
9.5600	-0.0070
9.5800	-0.0080
9.6000	-0.0090
9.6200	-0.0100
9.6400	-0.0110
9.6600	-0.0120
9.6800	-0.0120
9.7000	-0.0120
9.7200	-0.0120
9.7400	-0.0120
9.7600	-0.0120
9.7800	-0.0120
9.8000	-0.0130
9.8200	-0.0120
9.8400	-0.0120
9.8600	-0.0120
9.8800	-0.0110
9.9000	-0.0110
9.9200	-0.0090
9.9400	-0.0080
9.9600	-0.0080
9.9800	-0.0070
10.0000	-0.0060
10.0200	-0.0050
10.0400	-0.0040
10.0600	-0.0030
10.0800	-0.0010
10.1000	-0.0000
10.1200	0.0020
10.1400	0.0030
10.1600	0.0040
10.1800	0.0060
10.2000	0.0070
10.2200	0.0080
10.2400	0.0090
10.2600	0.0100
10.2800	0.0120
10.3000	0.0120
10.3200	0.0130
10.3400	0.0140
10.3600	0.0140
10.3800	0.0150
10.4000	0.0160
10.4200	0.0160
10.4400	0.0160
10.4600	0.0160
10.4800	0.0170
10.5000	0.0170
10.5200	0.0160
10.5400	0.0150
10.5600	0.0150
10.5800	0.0140
10.6000	0.0130
10.6200	0.0120
10.6400	0.0110
10.6600	0.0090
10.6800	0.0090
10.7000	0.0070
10.7200	0.0060
10.7400	0.0050
10.7600	0.0030
10.7800	0.0010
10.8000	-0.0010
10.8200	-0.0020
10.8400	-0.0050
10.8600	-0.0060
10.8800	-0.0070
10.9000	-0.0090
10.9200	-0.0090
10.9400	-0.0110
10.9600	-0.0130
10.9800	-0.0140
11.0000	-0.0150
11.0200	-0.0160
11.0400	-0.0170
11.0600	-0.0180
11.0800	-0.0190
11.1000	-0.0190
11.1200	-0.0180
11.1400	-0.0190
11.1600	-0.0190
11.1800	-0.0180
11.2000	-0.0180
11.2200	-0.0180
11.2400	-0.0180
11.2600	-0.0170
11.2800	-0.0160
11.3000	-0.0160
11.3200	-0.0130
11.3400	-0.0110
11.3600	-0.0110
11.3800	-0.0090
11.4000	-0.0080
11.4200	-0.0060
11.4400	-0.0050
11.4600	-0.0040
11.4800	-0.0010
11.5000	0.0010
11.5200	0.0040
11.5400	0.0060
11.5600	0.0080
11.5800	0.0090
11.6000	0.0100
11.6200	0.0130
11.6400	0.0140
11.6600	0.0150
11.6800	0.0170
11.7000	0.0190
11.7200	0.0200
11.7400	0.0200
11.7600	0.0210
11.7800	0.0220
11.8000	0.0220
11.8200	0.0230
11.8400	0.0220
11.8600	0.0220
11.8800	0.0230
11.9000	0.0220
11.9200	0.0210
11.9400	0.0200
11.9600	0.0200
11.9800	0.0180
12.0000	0.0170
12.0200	0.0150
12.0400	0.0130
12.0600	0.0110
12.0800	0.0100
12.1000	0.0080
12.1200	0.0060
12.1400	0.0050
12.1600	0.0020
12.1800	-0.0010
12.2000	-0.0020
12.2200	-0.0050
12.2400	-0.0070
12.2600	-0.0090
12.2800	-0.0110
12.3000	-0.0130
12.3200	-0.0140
12.3400	-0.0160
12.3600	-0.0180
12.3800	-0.0190
12.4000	-0.0200
12.4200	-0.0210
12.4400	-0.0230
12.4600	-0.0230
12.4800	-0.0250
12.5000	-0.0250
12.5200	-0.0240
12.5400	-0.0240
12.5600	-0.0250
12.5800	-0.0240
12.6000	-0.0230
12.6200	-0.0230
12.6400	-0.0220
12.6600	-0.0210
12.6800	-0.0200
12.7000	-0.0180
12.7200	-0.0150
12.7400	-0.0130
12.7600	-0.0120
12.7800	-0.0100
12.8000	-0.0080
12.8200	-0.0060
12.8400	-0.0040
12.8600	-0.0010
12.8800	0.0010
12.9000	0.0040
12.9200	0.0060
12.9400	0.0090
12.9600	0.0110
12.9800	0.0120
13.0000	0.0150
13.0200	0.0170
13.0400	0.0190
13.0600	0.0200
13.0800	0.0230
13.1000	0.0240
13.1200	0.0250
13.1400	0.0250
13.1600	0.0270
13.1800	0.0270
13.2000	0.0280
13.2200	0.0280
13.2400	0.0270
13.2600	0.0270
13.2800	0.0270
13.3000	0.0260
13.3200	0.0250
13.3400	0.0230
13.3600	0.0220
13.3800	0.0210
13.4000	0.0190
13.4200	0.0170
13.4400	0.0140
13.4600	0.0120
13.4800	0.0100
13.5000	0.0080
13.5200	0.0060
13.5400	0.0030
13.5600	0.0000
13.5800	-0.0020
13.6000	-0.0050
13.6200	-0.0080
13.6400	-0.0100
13.6600	-0.0130
13.6800	-0.0150
13.7000	-0.0170
13.7200	-0.0190
13.7400	-0.0200
13.7600	-0.0220
13.7800	-0.0240
13.8000	-0.0250
13.8200	-0.0260
13.8400	-0.0270
13.8600	-0.0290
13.8800	-0.0290
13.9000	-0.0290
13.9200	-0.0290
13.9400	-0.0280
13.9600	-0.0280
13.9800	-0.0270
14.0000	-0.0270
14.0200	-0.0260
14.0400	-0.0250
14.0600	-0.0230
14.0800	-0.0210
14.1000	-0.0190
14.1200	-0.0160
14.1400	-0.0130
14.1600	-0.0120
14.1800	-0.0090
14.2000	-0.0070
14.2200	-0.0040
14.2400	-0.0020
14.2600	0.0010
14.2800	0.0040
14.3000	0.0070
14.3200	0.0100
14.3400	0.0120
14.3600	0.0150
14.3800	0.0170
14.4000	0.0200
14.4200	0.0220
14.4400	0.0240
14.4600	0.0250
14.4800	0.0280
14.5000	0.0290
14.5200	0.0290
14.5400	0.0310
14.5600	0.0320
14.5800	0.0320
14.6000	0.0320
14.6200	0.0320
14.6400	0.0310
14.6600	0.0300
14.6800	0.0300
14.7000	0.0290
14.7200	0.0270
14.7400	0.0250
14.7600	0.0240
14.7800	0.0220
14.8000	0.0190
14.8200	0.0170
14.8400	0.0140
14.8600	0.0110
14.8800	0.0090
14.9000	0.0060
14.9200	0.0040
14.9400	0.0010
14.9600	-0.0030
14.9800	-0.0050
15.0000	-0.0080
15.0200	-0.0110
15.0400	-0.0140
15.0600	-0.0170
15.0800	-0.0190
15.1000	-0.0210
15.1200	-0.0230
15.1400	-0.0250
15.1600	-0.0270
15.1800	-0.0280
15.2000	-0.0290
15.2200	-0.0300
15.2400	-0.0320
15.2600	-0.0330
15.2800	-0.0330
15.3000	-0.0330
15.3200	-0.0320
15.3400	-0.0320
15.3600	-0.0310
15.3800	-0.0300
15.4000	-0.0280
15.4200	-0.0270
15.4400	-0.0260
15.4600	-0.0240
15.4800	-0.0210
15.5000	-0.0200
15.5200	-0.0150
15.5400	-0.0130
15.5600	-0.0110
15.5800	-0.0080
15.6000	-0.0040
15.6200	-0.0020
15.6400	0.0010
15.6600	0.0040
15.6800	0.0080
15.7000	0.0110
15.7200	0.0130
15.7400	0.0160
15.7600	0.0190
15.7800	0.0220
15.8000	0.0240
15.8200	0.0270
15.8400	0.0280
15.8600	0.0290
15.8800	0.0320
15.9000	0.0330
15.9200	0.0330
15.9400	0.0340
15.9600	0.0350
15.9800	0.0350
16.0000	0.0350
16.0200	0.0350
16.0400	0.0340
16.0600	0.0320
16.0800	0.0320
16.1000	0.0300
16.1200	0.0270
16.1400	0.0260
16.1600	0.0240
16.1800	0.0210
16.2000	0.0190
16.2200	0.0160
16.2400	0.0120
16.2600	0.0090
16.2800	0.0070
16.3000	0.0040
16.3200	0.0010
16.3400	-0.0020
16.3600	-0.0060
16.3800	-0.0090
16.4000	-0.0120
16.4200	-0.0150
16.4400	-0.0180
16.4600	-0.0210
16.4800	-0.0230
16.5000	-0.0260
16.5200	-0.0270
16.5400	-0.0300
16.5600	-0.0310
16.5800	-0.0320
16.6000	-0.0340
16.6200	-0.0340
16.6400	-0.0350
16.6600	-0.0360
16.6800	-0.0350
16.7000	-0.0360
16.7200	-0.0340
16.7400	-0.0330
16.7600	-0.0330
16.7800	-0.0320
16.8000	-0.0290
16.8200	-0.0270
16.8400	-0.0250
16.8600	-0.0230
16.8800	-0.0200
16.9000	-0.0180
16.9200	-0.0140
16.9400	-0.0110
16.9600	-0.0080
16.9800	-0.0050
17.0000	-0.0020
17.0200	0.0010
17.0400	0.0040
17.0600	0.0070
17.0800	0.0120
17.1000	0.0150
17.1200	0.0180
17.1400	0.0200
17.1600	0.0230
17.1800	0.0260
17.2000	0.0280
17.2200	0.0310
17.2400	0.0320
17.2600	0.0340
17.2800	0.0350
17.3000	0.0370
17.3200	0.0370
17.3400	0.0370
17.3600	0.0380
17.3800	0.0370
17.4000	0.0370
17.4200	0.0360
17.4400	0.0340
17.4600	0.0330
17.4800	0.0310
17.5000	0.0300
17.5200	0.0270
17.5400	0.0250
17.5600	0.0220
17.5800	0.0190
17.6000	0.0170
17.6200	0.0130
17.6400	0.0100
17.6600	0.0060
17.6800	0.0030
17.7000	-0.0000
17.7200	-0.0030
17.7400	-0.0060
17.7600	-0.0100
17.7800	-0.0130
17.8000	-0.0160
17.8200	-0.0200
17.8400	-0.0220
17.8600	-0.0250
17.8800	-0.0270
17.9000	-0.0300
17.9200	-0.0310
17.9400	-0.0330
17.9600	-0.0340
17.9800	-0.0360
18.0000	-0.0360
18.0200	-0.0370
18.0400	-0.0370
18.0600	-0.0370
18.0800	-0.0380
18.1000	-0.0370
18.1200	-0.0350
18.1400	-0.0340
18.1600	-0.0320
18.1800	-0.0300
18.2000	-0.0280
18.2200	-0.0260
18.2400	-0.0240
18.2600	-0.0210
18.2800	-0.0180
18.3000	-0.0150
18.3200	-0.0110
18.3400	-0.0070
18.3600	-0.0050
18.3800	-0.0010
18.4000	0.0020
18.4200	0.0060
18.4400	0.0090
18.4600	0.0120
18.4800	0.0170
18.5000	0.0200
18.5200	0.0220
18.5400	0.0250
18.5600	0.0280
18.5800	0.0300
18.6000	0.0320
18.6200	0.0340
18.6400	0.0350
18.6600	0.0370
18.6800	0.0380
18.7000	0.0380
18.7200	0.0390
18.7400	0.0390
18.7600	0.0380
18.7800	0.0380
18.8000	0.0370
18.8200	0.0360
18.8400	0.0340
18.8600	0.0320
18.8800	0.0310
18.9000	0.0290
18.9200	0.0250
18.9400	0.0220
18.9600	0.0190
18.9800	0.0170
19.0000	0.0130
19.0200	0.0100
19.0400	0.0060
19.0600	0.0020
19.0800	-0.0010
19.1000	-0.0050
19.1200	-0.0070
19.1400	-0.0100
19.1600	-0.0140
19.1800	-0.0170
19.2000	-0.0200
19.2200	-0.0230
19.2400	-0.0260
19.2600	-0.0290
19.2800	-0.0310
19.3000	-0.0330
19.3200	-0.0340
19.3400	-0.0360
19.3600	-0.0370
19.3800	-0.0380
19.4000	-0.0380
19.4200	-0.0380
19.4400	-0.0390
19.4600	-0.0380
19.4800	-0.0370
19.5000	-0.0370
19.5200	-0.0340
19.5400	-0.0330
19.5600	-0.0310
19.5800	-0.0280
19.6000	-0.0260
19.6200	-0.0230
19.6400	-0.0210
19.6600	-0.0180
19.6800	-0.0150
19.7000	-0.0120
19.7200	-0.0070
19.7400	-0.0040
19.7600	-0.0000
19.7800	0.0030
19.8000	0.0070
19.8200	0.0100
19.8400	0.0140
19.8600	0.0170
19.8800	0.0200
19.9000	0.0230
19.9200	0.0260
19.9400	0.0280
19.9600	0.0310
19.9800	0.0330
20.0000	0.0350
20.0200	0.0370
20.0400	0.0370
20.0600	0.0390
20.0800	0.0400
20.1000	0.0400
20.1200	0.0390
20.1400	0.0390
20.1600	0.0390
20.1800	0.0380
20.2000	0.0370
20.2200	0.0350
20.2400	0.0320
20.2600	0.0300
20.2800	0.0280
20.3000	0.0260
20.3200	0.0220
20.3400	0.0190
20.3600	0.0160
20.3800	0.0130
20.4000	0.0090
20.4200	0.0060
20.4400	0.0020
20.4600	-0.0020
20.4800	-0.0050
20.5000	-0.0090
20.5200	-0.0110
20.5400	-0.0150
20.5600	-0.0180
20.5800	-0.0210
20.6000	-0.0240
20.6200	-0.0270
20.6400	-0.0300
20.6600	-0.0320
20.6800	-0.0340
20.7000	-0.0360
20.7200	-0.0370
20.7400	-0.0380
20.7600	-0.0390
20.7800	-0.0390
20.8000	-0.0390
20.8200	-0.0380
20.8400	-0.0390
20.8600	-0.0380
20.8800	-0.0370
20.9000	-0.0350
20.9200	-0.0330
20.9400	-0.0310
20.9600	-0.0280
20.9800	-0.0260
21.0000	-0.0230
21.0200	-0.0200
21.0400	-0.0170
21.0600	-0.0140
21.0800	-0.0100
21.1000	-0.0070
21.1200	-0.0020
21.1400	0.0010
21.1600	0.0040
21.1800	0.0080
21.2000	0.0110
21.2200	0.0150
21.2400	0.0180
21.2600	0.0210
21.2800	0.0240
21.3000	0.0280
21.3200	0.0300
21.3400	0.0320
21.3600	0.0340
21.3800	0.0360
21.4000	0.0380
21.4200	0.0390
21.4400	0.0390
21.4600	0.0400
21.4800	0.0400
21.5000	0.0400
21.5200	0.0390
21.5400	0.0380
21.5600	0.0380
21.5800	0.0360
21.6000	0.0340
21.6200	0.0320
21.6400	0.0300
21.6600	0.0270
21.6800	0.0250
21.7000	0.0220
21.7200	0.0180
21.7400	0.0150
21.7600	0.0110
21.7800	0.0080
21.8000	0.0040
21.8200	0.0010
21.8400	-0.0030
21.8600	-0.0070
21.8800	-0.0100
21.9000	-0.0130
21.9200	-0.0160
21.9400	-0.0190
21.9600	-0.0230
21.9800	-0.0260
22.0000	-0.0280
22.0200	-0.0300
22.0400	-0.0330
22.0600	-0.0350
22.0800	-0.0370
22.1000	-0.0380
22.1200	-0.0380
22.1400	-0.0390
22.1600	-0.0390
22.1800	-0.0390
22.2000	-0.0380
22.2200	-0.0380
22.2400	-0.0380
22.2600	-0.0360
22.2800	-0.0350
22.3000	-0.0330
22.3200	-0.0300
22.3400	-0.0270
22.3600	-0.0250
22.3800	-0.0220
22.4000	-0.0190
22.4200	-0.0160
22.4400	-0.0130
22.4600	-0.0090
22.4800	-0.0060
22.5000	-0.0020
22.5200	0.0030
22.5400	0.0060
22.5600	0.0090
22.5800	0.0130
22.6000	0.0160
22.6200	0.0200
22.6400	0.0220
22.6600	0.0250
22.6800	0.0280
22.7000	0.0310
22.7200	0.0320
22.7400	0.0350
22.7600	0.0360
22.7800	0.0380
22.8000	0.0390
22.8200	0.0400
22.8400	0.0390
22.8600	0.0400
22.8800	0.0390
22.9000	0.0390
22.9200	0.0370
22.9400	0.0360
22.9600	0.0350
22.9800	0.0330
23.0000	0.0310
23.0200	0.0290
23.0400	0.0250
23.0600	0.0230
23.0800	0.0200
23.1000	0.0170
23.1200	0.0130
23.1400	0.0100
23.1600	0.0060
23.1800	0.0030
23.2000	-0.0000
23.2200	-0.0040
23.2400	-0.0080
23.2600	-0.0120
23.2800	-0.0150
23.3000	-0.0180
23.3200	-0.0200
23.3400	-0.0230
23.3600	-0.0260
23.3800	-0.0280
23.4000	-0.0310
23.4200	-0.0330
23.4400	-0.0350
23.4600	-0.0360
23.4800	-0.0380
23.5000	-0.0380
23.5200	-0.0380
23.5400	-0.0380
23.5600	-0.0380
23.5800	-0.0380
23.6000	-0.0370
23.6200	-0.0360
23.6400	-0.0350
23.6600	-0.0340
23.6800	-0.0310
23.7000	-0.0290
23.7200	-0.0250
23.7400	-0.0230
23.7600	-0.0200
23.7800	-0.0170
23.8000	-0.0140
23.8200	-0.0110
23.8400	-0.0080
23.8600	-0.0050
23.8800	-0.0000
23.9000	0.0030
23.9200	0.0080
23.9400	0.0110
23.9600	0.0140
23.9800	0.0180
24.0000	0.0210
24.0200	0.0230
24.0400	0.0260
24.0600	0.0290
24.0800	0.0310
24.1000	0.0340
24.1200	0.0350
24.1400	0.0370
24.1600	0.0380
24.1800	0.0390
24.2000	0.0390
24.2200	0.0400
24.2400	0.0390
24.2600	0.0380
24.2800	0.0380
24.3000	0.0370
24.3200	0.0350
24.3400	0.0330
24.3600	0.0320
24.3800	0.0300
24.4000	0.0270
24.4200	0.0240
24.4400	0.0210
24.4600	0.0180
24.4800	0.0150
24.5000	0.0120
24.5200	0.0080
24.5400	0.0050
24.5600	0.0010
24.5800	-0.0020
24.6000	-0.0060
24.6200	-0.0090
24.6400	-0.0130
24.6600	-0.0170
24.6800	-0.0190
24.7000	-0.0230
24.7200	-0.0240
24.7400	-0.0270
24.7600	-0.0280
24.7800	-0.0310
24.8000	-0.0330
24.8200	-0.0350
24.8400	-0.0370
24.8600	-0.0380
24.8800	-0.0380
24.9000	-0.0390
24.9200	-0.0380
24.9400	-0.0370
24.9600	-0.0360
24.9800	-0.0360
25.0000	-0.0340
25.0200	-0.0330
25.0400	-0.0320
25.0600	-0.0290
25.0800	-0.0270
25.1000	-0.0240
25.1200	-0.0210
25.1400	-0.0180
25.1600	-0.0140
25.1800	-0.0120
25.2000	-0.0090
25.2200	-0.0050
25.2400	-0.0020
25.2600	0.0010
25.2800	0.0050
25.3000	0.0090
25.3200	0.0120
25.3400	0.0160
25.3600	0.0190
25.3800	0.0220
25.4000	0.0240
25.4200	0.0270
25.4400	0.0290
25.4600	0.0310
25.4800	0.0340
25.5000	0.0350
25.5200	0.0360
25.5400	0.0370
25.5600	0.0390
25.5800	0.0390
25.6000	0.0390
25.6200	0.0380
25.6400	0.0370
25.6600	0.0360
25.6800	0.0350
25.7000	0.0340
25.7200	0.0310
25.7400	0.0300
25.7600	0.0280
25.7800	0.0250
25.8000	0.0220
25.8200	0.0190
25.8400	0.0150
25.8600	0.0120
25.8800	0.0090
25.9000	0.0060
25.9200	0.0030
25.9400	-0.0010
25.9600	-0.0050
25.9800	-0.0080
26.0000	-0.0110
26.0200	-0.0150
26.0400	-0.0180
26.0600	-0.0210
26.0800	-0.0240
26.1000	-0.0260
26.1200	-0.0270
26.1400	-0.0300
26.1600	-0.0320
26.1800	-0.0330
26.2000	-0.0340
26.2200	-0.0360
26.2400	-0.0370
26.2600	-0.0370
26.2800	-0.0380
26.3000	-0.0370
26.3200	-0.0360
26.3400	-0.0350
26.3600	-0.0340
26.3800	-0.0320
26.4000	-0.0310
26.4200	-0.0290
26.4400	-0.0270
26.4600	-0.0250
26.4800	-0.0220
26.5000	-0.0190
26.5200	-0.0160
26.5400	-0.0120
26.5600	-0.0100
26.5800	-0.0060
26.6000	-0.0030
26.6200	0.0010
26.6400	0.0040
26.6600	0.0070
26.6800	0.0110
26.7000	0.0150
26.7200	0.0170
26.7400	0.0200
26.7600	0.0240
26.7800	0.0260
26.8000	0.0280
26.8200	0.0310
26.8400	0.0320
26.8600	0.0340
26.8800	0.0350
26.9000	0.0360
26.9200	0.0370
26.9400	0.0370
26.9600	0.0370
26.9800	0.0370
27.0000	0.0370
27.0200	0.0360
27.0400	0.0340
27.0600	0.0330
27.0800	0.0320
27.1000	0.0300
27.1200	0.0270
27.1400	0.0250
27.1600	0.0220
27.1800	0.0200
27.2000	0.0170
27.2200	0.0130
27.2400	0.0100
27.2600	0.0060
27.2800	0.0030
27.3000	0.0000
27.3200	-0.0020
27.3400	-0.0060
27.3600	-0.0090
27.3800	-0.0130
27.4000	-0.0160
27.4200	-0.0190
27.4400	-0.0220
27.4600	-0.0240
27.4800	-0.0270
27.5000	-0.0290
27.5200	-0.0300
27.5400	-0.0320
27.5600	-0.0330
27.5800	-0.0340
27.6000	-0.0350
27.6200	-0.0360
27.6400	-0.0360
27.6600	-0.0360
27.6800	-0.0360
27.7000	-0.0350
27.7200	-0.0330
27.7400	-0.0320
27.7600	-0.0300
27.7800	-0.0280
27.8000	-0.0260
27.8200	-0.0240
27.8400	-0.0220
27.8600	-0.0200
27.8800	-0.0170
27.9000	-0.0140
27.9200	-0.0090
27.9400	-0.0060
27.9600	-0.0030
27.9800	0.0000
28.0000	0.0030
28.0200	0.0070
28.0400	0.0090
28.0600	0.0120
28.0800	0.0160
28.1000	0.0190
28.1200	0.0220
28.1400	0.0240
28.1600	0.0270
28.1800	0.0290
28.2000	0.0310
28.2200	0.0320
28.2400	0.0330
28.2600	0.0350
28.2800	0.0360
28.3000	0.0360
28.3200	0.0360
28.3400	0.0360
28.3600	0.0350
28.3800	0.0350
28.4000	0.0340
28.4200	0.0320
28.4400	0.0300
28.4600	0.0280
28.4800	0.0270
28.5000	0.0250
28.5200	0.0220
28.5400	0.0200
28.5600	0.0170
28.5800	0.0130
28.6000	0.0100
28.6200	0.0070
28.6400	0.0030
28.6600	0.0000
28.6800	-0.0030
28.7000	-0.0060
28.7200	-0.0080
28.7400	-0.0120
28.7600	-0.0150
28.7800	-0.0180
28.8000	-0.0200
28.8200	-0.0230
28.8400	-0.0250
28.8600	-0.0280
28.8800	-0.0290
28.9000	-0.0310
28.9200	-0.0320
28.9400	-0.0330
28.9600	-0.0330
28.9800	-0.0330
29.0000	-0.0340
29.0200	-0.0350
29.0400	-0.0350
29.0600	-0.0340
29.0800	-0.0330
29.1000	-0.0320
29.1200	-0.0290
29.1400	-0.0280
29.1600	-0.0260
29.1800	-0.0230
29.2000	-0.0210
29.2200	-0.0180
29.2400	-0.0170
29.2600	-0.0130
29.2800	-0.0100
29.3000	-0.0070
29.3200	-0.0030
29.3400	0.0000
29.3600	0.0030
29.3800	0.0060
29.4000	0.0090
29.4200	0.0120
29.4400	0.0150
29.4600	0.0170
29.4800	0.0210
29.5000	0.0240
29.5200	0.0250
29.5400	0.0270
29.5600	0.0300
29.5800	0.0310
29.6000	0.0320
29.6200	0.0340
29.6400	0.0330
29.6600	0.0340
29.6800	0.0350
29.7000	0.0350
29.7200	0.0340
29.7400	0.0330
29.7600	0.0330
29.7800	0.0310
29.8000	0.0300
29.8200	0.0280
29.8400	0.0260
29.8600	0.0230
29.8800	0.0210
29.9000	0.0200
29.9200	0.0160
29.9400	0.0130
29.9600	0.0100
29.9800	0.0070
30.0000	0.0040
30.0200	0.0010
30.0400	-0.0030
30.0600	-0.0060
30.0800	-0.0090
30.1000	-0.0110
30.1200	-0.0140
30.1400	-0.0160
30.1600	-0.0190
30.1800	-0.0210
30.2000	-0.0240
30.2200	-0.0260
30.2400	-0.0290
30.2600	-0.0300
30.2800	-0.0310
30.3000	-0.0330
30.3200	-0.0320
30.3400	-0.0330
30.3600	-0.0330
30.3800	-0.0330
30.4000	-0.0330
30.4200	-0.0320
30.4400	-0.0310
30.4600	-0.0300
30.4800	-0.0290
30.5000	-0.0270
30.5200	-0.0240
30.5400	-0.0220
30.5600	-0.0200
30.5800	-0.0180
30.6000	-0.0160
30.6200	-0.0120
30.6400	-0.0100
30.6600	-0.0060
30.6800	-0.0040
30.7000	-0.0000
30.7200	0.0030
30.7400	0.0060
30.7600	0.0090
30.7800	0.0120
30.8000	0.0150
30.8200	0.0170
30.8400	0.0190
30.8600	0.0220
30.8800	0.0250
30.9000	0.0270
30.9200	0.0280
30.9400	0.0300
30.9600	0.0310
30.9800	0.0330
31.0000	0.0330
31.0200	0.0340
31.0400	0.0340
31.0600	0.0330
31.0800	0.0330
31.1000	0.0330
31.1200	0.0310
31.1400	0.0300
31.1600	0.0290
31.1800	0.0270
31.2000	0.0250
31.2200	0.0230
31.2400	0.0200
31.2600	0.0170
31.2800	0.0160
31.3000	0.0130
31.3200	0.0100
31.3400	0.0070
31.3600	0.0030
31.3800	0.0010
31.4000	-0.0030
31.4200	-0.0050
31.4400	-0.0090
31.4600	-0.0110
31.4800	-0.0150
31.5000	-0.0170
31.5200	-0.0180
31.5400	-0.0200
31.5600	-0.0230
31.5800	-0.0250
31.6000	-0.0260
31.6200	-0.0280
31.6400	-0.0300
31.6600	-0.0310
31.6800	-0.0320
31.7000	-0.0320
31.7200	-0.0320
31.7400	-0.0320
31.7600	-0.0320
31.7800	-0.0300
31.8000	-0.0300
31.8200	-0.0280
31.8400	-0.0280
31.8600	-0.0260
31.8800	-0.0240
31.9000	-0.0220
31.9200	-0.0190
31.9400	-0.0170
31.9600	-0.0150
31.9800	-0.0120
32.0000	-0.0090
32.0200	-0.0060
32.0400	-0.0040
32.0600	-0.0010
32.0800	0.0030
32.1000	0.0060
32.1200	0.0090
32.1400	0.0120
32.1600	0.0140
32.1800	0.0170
32.2000	0.0200
32.2200	0.0220
32.2400	0.0240
32.2600	0.0250
32.2800	0.0280
32.3000	0.0290
32.3200	0.0300
32.3400	0.0310
32.3600	0.0320
32.3800	0.0320
32.4000	0.0320
32.4200	0.0320
32.4400	0.0310
32.4600	0.0310
32.4800	0.0310
32.5000	0.0300
32.5200	0.0280
32.5400	0.0250
32.5600	0.0240
32.5800	0.0220
32.6000	0.0200
32.6200	0.0180
32.6400	0.0140
32.6600	0.0120
32.6800	0.0090
32.7000	0.0070
32.7200	0.0040
32.7400	0.0000
32.7600	-0.0020
32.7800	-0.0050
32.8000	-0.0080
32.8200	-0.0110
32.8400	-0.0140
32.8600	-0.0160
32.8800	-0.0180
32.9000	-0.0210
32.9200	-0.0220
32.9400	-0.0240
32.9600	-0.0260
32.9800	-0.0270
33.0000	-0.0290
33.0200	-0.0300
33.0400	-0.0310
33.0600	-0.0310
33.0800	-0.0320
33.1000	-0.0320
33.1200	-0.0310
33.1400	-0.0300
33.1600	-0.0290
33.1800	-0.0280
33.2000	-0.0260
33.2200	-0.0240
33.2400	-0.0240
33.2600	-0.0210
33.2800	-0.0190
33.3000	-0.0160
33.3200	-0.0130
33.3400	-0.0100
33.3600	-0.0080
33.3800	-0.0060
33.4000	-0.0030
33.4200	0.0000
33.4400	0.0030
33.4600	0.0060
33.4800	0.0090
33.5000	0.0120
33.5200	0.0140
33.5400	0.0170
33.5600	0.0190
33.5800	0.0210
33.6000	0.0240
33.6200	0.0260
33.6400	0.0260
33.6600	0.0280
33.6800	0.0290
33.7000	0.0300
33.7200	0.0300
33.7400	0.0310
33.7600	0.0310
33.7800	0.0310
33.8000	0.0310
33.8200	0.0300
33.8400	0.0290
33.8600	0.0280
33.8800	0.0270
33.9000	0.0260
33.9200	0.0230
33.9400	0.0210
33.9600	0.0180
33.9800	0.0170
34.0000	0.0140
34.0200	0.0110
34.0400	0.0080
34.0600	0.0050
34.0800	0.0030
34.1000	-0.0010
34.1200	-0.0030
34.1400	-0.0050
34.1600	-0.0090
34.1800	-0.0110
34.2000	-0.0140
34.2200	-0.0160
34.2400	-0.0190
34.2600	-0.0210
34.2800	-0.0230
34.3000	-0.0240
34.3200	-0.0250
34.3400	-0.0270
34.3600	-0.0280
34.3800	-0.0290
34.4000	-0.0300
34.4200	-0.0300
34.4400	-0.0300
34.4600	-0.0310
34.4800	-0.0300
34.5000	-0.0290
34.5200	-0.0270
34.5400	-0.0260
34.5600	-0.0250
34.5800	-0.0230
34.6000	-0.0220
34.6200	-0.0200
34.6400	-0.0180
34.6600	-0.0160
34.6800	-0.0130
34.7000	-0.0110
34.7200	-0.0070
34.7400	-0.0040
34.7600	-0.0020
34.7800	0.0010
34.8000	0.0040
34.8200	0.0060
34.8400	0.0090
34.8600	0.0110
34.8800	0.0150
34.9000	0.0170
34.9200	0.0190
34.9400	0.0210
34.9600	0.0230
34.9800	0.0250
35.0000	0.0270
35.0200	0.0280
35.0400	0.0290
35.0600	0.0300
35.0800	0.0310
35.1000	0.0310
35.1200	0.0300
35.1400	0.0300
35.1600	0.0300
35.1800	0.0300
35.2000	0.0280
35.2200	0.0270
35.2400	0.0250
35.2600	0.0230
35.2800	0.0220
35.3000	0.0200
35.3200	0.0170
35.3400	0.0150
35.3600	0.0120
35.3800	0.0110
35.4000	0.0070
35.4200	0.0050
35.4400	0.0020
35.4600	-0.0010
35.4800	-0.0040
35.5000	-0.0070
35.5200	-0.0080
35.5400	-0.0110
35.5600	-0.0140
35.5800	-0.0170
35.6000	-0.0180
35.6200	-0.0200
35.6400	-0.0230
35.6600	-0.0240
35.6800	-0.0260
35.7000	-0.0280
35.7200	-0.0280
35.7400	-0.0290
35.7600	-0.0290
35.7800	-0.0300
35.8000	-0.0290
35.8200	-0.0290
35.8400	-0.0290
35.8600	-0.0280
35.8800	-0.0280
35.9000	-0.0270
35.9200	-0.0240
35.9400	-0.0220
35.9600	-0.0210
35.9800	-0.0190
36.0000	-0.0170
36.0200	-0.0140
36.0400	-0.0120
36.0600	-0.0090
36.0800	-0.0070
36.1000	-0.0040
36.1200	-0.0000
36.1400	0.0020
36.1600	0.0040
36.1800	0.0070
36.2000	0.0100
36.2200	0.0130
36.2400	0.0140
36.2600	0.0170
36.2800	0.0200
36.3000	0.0220
36.3200	0.0220
36.3400	0.0250
36.3600	0.0260
36.3800	0.0280
36.4000	0.0290
36.4200	0.0300
36.4400	0.0300
36.4600	0.0300
36.4800	0.0300
36.5000	0.0300
36.5200	0.0290
36.5400	0.0280
36.5600	0.0270
36.5800	0.0260
36.6000	0.0250
36.6200	0.0230
36.6400	0.0210
36.6600	0.0190
36.6800	0.0170
36.7000	0.0140
36.7200	0.0120
36.7400	0.0090
36.7600	0.0070
36.7800	0.0040
36.8000	0.0010
36.8200	-0.0020
36.8400	-0.0050
36.8600	-0.0080
36.8800	-0.0100
36.9000	-0.0120
36.9200	-0.0140
36.9400	-0.0160
36.9600	-0.0190
36.9800	-0.0200
37.0000	-0.0230
37.0200	-0.0240
37.0400	-0.0250
37.0600	-0.0270
37.0800	-0.0280
37.1000	-0.0290
37.1200	-0.0290
37.1400	-0.0290
37.1600	-0.0290
37.1800	-0.0280
37.2000	-0.0280
37.2200	-0.0270
37.2400	-0.0270
37.2600	-0.0260
37.2800	-0.0240
37.3000	-0.0220
37.3200	-0.0200
37.3400	-0.0170
37.3600	-0.0160
37.3800	-0.0130
37.4000	-0.0110
37.4200	-0.0090
37.4400	-0.0060
37.4600	-0.0040
37.4800	-0.0010
37.5000	0.0020
37.5200	0.0060
37.5400	0.0080
37.5600	0.0110
37.5800	0.0130
37.6000	0.0160
37.6200	0.0180
37.6400	0.0200
37.6600	0.0210
37.6800	0.0240
37.7000	0.0260
37.7200	0.0260
37.7400	0.0270
37.7600	0.0290
37.7800	0.0290
37.8000	0.0300
37.8200	0.0300
37.8400	0.0290
37.8600	0.0290
37.8800	0.0280
37.9000	0.0280
37.9200	0.0270
37.9400	0.0250
37.9600	0.0240
37.9800	0.0220
38.0000	0.0210
38.0200	0.0180
38.0400	0.0160
38.0600	0.0130
38.0800	0.0120
38.1000	0.0080
38.1200	0.0060
38.1400	0.0030
38.1600	0.0000
38.1800	-0.0030
38.2000	-0.0050
38.2200	-0.0080
38.2400	-0.0110
38.2600	-0.0130
38.2800	-0.0160
38.3000	-0.0180
38.3200	-0.0190
38.3400	-0.0210
38.3600	-0.0230
38.3800	-0.0240
38.4000	-0.0250
38.4200	-0.0270
38.4400	-0.0280
38.4600	-0.0290
38.4800	-0.0300
38.5000	-0.0300
38.5200	-0.0290
38.5400	-0.0280
38.5600	-0.0270
38.5800	-0.0270
38.6000	-0.0260
38.6200	-0.0240
38.6400	-0.0230
38.6600	-0.0220
38.6800	-0.0190
38.7000	-0.0180
38.7200	-0.0150
38.7400	-0.0120
38.7600	-0.0100
38.7800	-0.0070
38.8000	-0.0050
38.8200	-0.0020
38.8400	-0.0000
38.8600	0.0030
38.8800	0.0060
38.9000	0.0090
38.9200	0.0120
38.9400	0.0140
38.9600	0.0160
38.9800	0.0180
39.0000	0.0200
39.0200	0.0220
39.0400	0.0240
39.0600	0.0250
39.0800	0.0270
39.1000	0.0280
39.1200	0.0280
39.1400	0.0290
39.1600	0.0300
39.1800	0.0300
39.2000	0.0290
39.2200	0.0290
39.2400	0.0280
39.2600	0.0260
39.2800	0.0260
39.3000	0.0250
39.3200	0.0220
39.3400	0.0210
39.3600	0.0200
39.3800	0.0170
39.4000	0.0160
39.4200	0.0130
39.4400	0.0090
39.4600	0.0070
39.4800	0.0050
39.5000	0.0020
39.5200	-0.0000
39.5400	-0.0030
39.5600	-0.0060
39.5800	-0.0090
39.6000	-0.0110
39.6200	-0.0130
39.6400	-0.0160
39.6600	-0.0190
39.6800	-0.0210
39.7000	-0.0220
39.7200	-0.0230
39.7400	-0.0250
39.7600	-0.0260
39.7800	-0.0270
39.8000	-0.0280
39.8200	-0.0280
39.8400	-0.0290
39.8600	-0.0290
39.8800	-0.0290
39.9000	-0.0290
39.9200	-0.0270
39.9400	-0.0260
39.9600	-0.0250
39.9800	-0.0230
40.0000	-0.0220
40.0200	-0.0200
40.0400	-0.0190
40.0600	-0.0170
40.0800	-0.0150
40.1000	-0.0120
40.1200	-0.0090
40.1400	-0.0060
40.1600	-0.0040
40.1800	-0.0010
40.2000	0.0010
40.2200	0.0040
40.2400	0.0060
40.2600	0.0080
40.2800	0.0120
40.3000	0.0150
40.3200	0.0170
40.3400	0.0190
40.3600	0.0210
40.3800	0.0230
40.4000	0.0250
40.4200	0.0260
40.4400	0.0270
40.4600	0.0280
40.4800	0.0290
40.5000	0.0300
40.5200	0.0290
40.5400	0.0290
40.5600	0.0290
40.5800	0.0290
40.6000	0.0280
40.6200	0.0280
40.6400	0.0260
40.6600	0.0230
40.6800	0.0230
40.7000	0.0210
40.7200	0.0190
40.7400	0.0160
40.7600	0.0140
40.7800	0.0120
40.8000	0.0090
40.8200	0.0070
40.8400	0.0040
40.8600	0.0010
40.8800	-0.0010
40.9000	-0.0040
40.9200	-0.0060
40.9400	-0.0080
40.9600	-0.0120
40.9800	-0.0140
41.0000	-0.0170
41.0200	-0.0180
41.0400	-0.0210
41.0600	-0.0220
41.0800	-0.0240
41.1000	-0.0260
41.1200	-0.0260
41.1400	-0.0270
41.1600	-0.0280
41.1800	-0.0280
41.2000	-0.0290
41.2200	-0.0280
41.2400	-0.0290
41.2600	-0.0280
41.2800	-0.0280
41.3000	-0.0260
41.3200	-0.0250
41.3400	-0.0230
41.3600	-0.0220
41.3800	-0.0200
41.4000	-0.0180
41.4200	-0.0160
41.4400	-0.0140
41.4600	-0.0120
41.4800	-0.0090
41.5000	-0.0060
41.5200	-0.0030
41.5400	0.0000
41.5600	0.0020
41.5800	0.0050
41.6000	0.0080
41.6200	0.0100
41.6400	0.0120
41.6600	0.0150
41.6800	0.0180
41.7000	0.0200
41.7200	0.0210
41.7400	0.0230
41.7600	0.0250
41.7800	0.0260
41.8000	0.0280
41.8200	0.0290
41.8400	0.0280
41.8600	0.0290
41.8800	0.0300
41.9000	0.0300
41.9200	0.0290
41.9400	0.0280
41.9600	0.0280
41.9800	0.0270
42.0000	0.0250
42.0200	0.0240
42.0400	0.0220
42.0600	0.0200
42.0800	0.0190
42.1000	0.0170
42.1200	0.0140
42.1400	0.0120
42.1600	0.0090
42.1800	0.0060
42.2000	0.0030
42.2200	0.0010
42.2400	-0.0030
42.2600	-0.0060
42.2800	-0.0080
42.3000	-0.0100
42.3200	-0.0120
42.3400	-0.0140
42.3600	-0.0170
42.3800	-0.0190
42.4000	-0.0210
42.4200	-0.0230
42.4400	-0.0250
42.4600	-0.0260
42.4800	-0.0280
42.5000	-0.0290
42.5200	-0.0280
42.5400	-0.0280
42.5600	-0.0290
42.5800	-0.0280
42.6000	-0.0280
42.6200	-0.0270
42.6400	-0.0280
42.6600	-0.0270
42.6800	-0.0250
42.7000	-0.0240
42.7200	-0.0220
42.7400	-0.0190
42.7600	-0.0170
42.7800	-0.0160
42.8000	-0.0130
42.8200	-0.0110
42.8400	-0.0090
42.8600	-0.0060
42.8800	-0.0020
42.9000	0.0000
42.9200	0.0030
42.9400	0.0060
42.9600	0.0080
42.9800	0.0110
43.0000	0.0130
43.0200	0.0160
43.0400	0.0180
43.0600	0.0200
43.0800	0.0220
43.1000	0.0240
43.1200	0.0260
43.1400	0.0270
43.1600	0.0280
43.1800	0.0290
43.2000	0.0290
43.2200	0.0300
43.2400	0.0300
43.2600	0.0300
43.2800	0.0300
43.3000	0.0290
43.3200	0.0280
43.3400	0.0270
43.3600	0.0260
43.3800	0.0240
43.4000	0.0220
43.4200	0.0200
43.4400	0.0170
43.4600	0.0150
43.4800	0.0140
43.5000	0.0110
43.5200	0.0080
43.5400	0.0060
43.5600	0.0030
43.5800	-0.0000
43.6000	-0.0030
43.6200	-0.0050
43.6400	-0.0090
43.6600	-0.0110
43.6800	-0.0130
43.7000	-0.0160
43.7200	-0.0170
43.7400	-0.0190
43.7600	-0.0210
43.7800	-0.0230
43.8000	-0.0250
43.8200	-0.0260
43.8400	-0.0280
43.8600	-0.0280
43.8800	-0.0290
43.9000	-0.0300
43.9200	-0.0290
43.9400	-0.0290
43.9600	-0.0290
43.9800	-0.0280
44.0000	-0.0270
44.0200	-0.0260
44.0400	-0.0250
44.0600	-0.0240
44.0800	-0.0220
44.1000	-0.0200
44.1200	-0.0170
44.1400	-0.0150
44.1600	-0.0120
44.1800	-0.0100
44.2000	-0.0070
44.2200	-0.0050
44.2400	-0.0030
44.2600	-0.0000
44.2800	0.0040
44.3000	0.0060
44.3200	0.0090
44.3400	0.0120
44.3600	0.0130
44.3800	0.0160
44.4000	0.0190
44.4200	0.0210
44.4400	0.0220
44.4600	0.0240
44.4800	0.0260
44.5000	0.0280
44.5200	0.0280
44.5400	0.0290
44.5600	0.0300
44.5800	0.0300
44.6000	0.0300
44.6200	0.0300
44.6400	0.0290
44.6600	0.0290
44.6800	0.0280
44.7000	0.0280
44.7200	0.0250
44.7400	0.0230
44.7600	0.0220
44.7800	0.0200
44.8000	0.0180
44.8200	0.0150
44.8400	0.0130
44.8600	0.0100
44.8800	0.0080
44.9000	0.0050
44.9200	0.0030
44.9400	0.0010
44.9600	-0.0030
44.9800	-0.0060
45.0000	-0.0080
45.0200	-0.0110
45.0400	-0.0150
45.0600	-0.0160
45.0800	-0.0180
45.1000	-0.0200
45.1200	-0.0220
45.1400	-0.0240
45.1600	-0.0250
45.1800	-0.0260
45.2000	-0.0270
45.2200	-0.0290
45.2400	-0.0300
45.2600	-0.0300
45.2800	-0.0300
45.3000	-0.0300
45.3200	-0.0290
45.3400	-0.0280
45.3600	-0.0270
45.3800	-0.0260
45.4000	-0.0250
45.4200	-0.0230
45.4400	-0.0220
45.4600	-0.0190
45.4800	-0.0180
45.5000	-0.0150
45.5200	-0.0120
45.5400	-0.0090
45.5600	-0.0070
45.5800	-0.0050
45.6000	-0.0020
45.6200	0.0010
45.6400	0.0030
45.6600	0.0060
45.6800	0.0090
45.7000	0.0130
45.7200	0.0150
45.7400	0.0170
45.7600	0.0190
45.7800	0.0210
45.8000	0.0230
45.8200	0.0250
45.8400	0.0270
45.8600	0.0280
45.8800	0.0300
45.9000	0.0300
45.9200	0.0300
45.9400	0.0300
45.9600	0.0310
45.9800	0.0300
46.0000	0.0300
46.0200	0.0290
46.0400	0.0280
46.0600	0.0270
46.0800	0.0260
46.1000	0.0240
46.1200	0.0220
46.1400	0.0200
46.1600	0.0180
46.1800	0.0160
46.2000	0.0130
46.2200	0.0100
46.2400	0.0070
46.2600	0.0040
46.2800	0.0020
46.3000	-0.0010
46.3200	-0.0030
46.3400	-0.0060
46.3600	-0.0090
46.3800	-0.0110
46.4000	-0.0140
46.4200	-0.0160
46.4400	-0.0190
46.4600	-0.0210
46.4800	-0.0230
46.5000	-0.0240
46.5200	-0.0250
46.5400	-0.0260
46.5600	-0.0280
46.5800	-0.0290
46.6000	-0.0290
46.6200	-0.0290
46.6400	-0.0300
46.6600	-0.0300
46.6800	-0.0290
46.7000	-0.0290
46.7200	-0.0270
46.7400	-0.0260
46.7600	-0.0250
46.7800	-0.0230
46.8000	-0.0210
46.8200	-0.0190
46.8400	-0.0180
46.8600	-0.0150
46.8800	-0.0120
46.9000	-0.0100
46.9200	-0.0060
46.9400	-0.0040
46.9600	-0.0020
46.9800	0.0010
47.0000	0.0040
47.0200	0.0070
47.0400	0.0090
47.0600	0.0120
47.0800	0.0160
47.1000	0.0180
47.1200	0.0190
47.1400	0.0220
47.1600	0.0240
47.1800	0.0260
47.2000	0.0270
47.2200	0.0280
47.2400	0.0290
47.2600	0.0300
47.2800	0.0310
47.3000	0.0310
47.3200	0.0310
47.3400	0.0300
47.3600	0.0300
47.3800	0.0300
47.4000	0.0280
47.4200	0.0270
47.4400	0.0250
47.4600	0.0230
47.4800	0.0220
47.5000	0.0200
47.5200	0.0180
47.5400	0.0150
47.5600	0.0120
47.5800	0.0100
47.6000	0.0070
47.6200	0.0040
47.6400	0.0010
47.6600	-0.0020
47.6800	-0.0040
47.7000	-0.0070
47.7200	-0.0090
47.7400	-0.0120
47.7600	-0.0150
47.7800	-0.0170
47.8000	-0.0180
47.8200	-0.0210
47.8400	-0.0230
47.8600	-0.0250
47.8800	-0.0260
47.9000	-0.0280
47.9200	-0.0280
47.9400	-0.0290
47.9600	-0.0300
47.9800	-0.0300
48.0000	-0.0300
48.0200	-0.0300
48.0400	-0.0300
48.0600	-0.0290
48.0800	-0.0280
48.1000	-0.0270
48.1200	-0.0240
48.1400	-0.0230
48.1600	-0.0210
48.1800	-0.0190
48.2000	-0.0170
48.2200	-0.0150
48.2400	-0.0120
48.2600	-0.0100
48.2800	-0.0070
48.3000	-0.0040
48.3200	-0.0010
48.3400	0.0020
48.3600	0.0040
48.3800	0.0080
48.4000	0.0100
48.4200	0.0130
48.4400	0.0150
48.4600	0.0180
48.4800	0.0200
48.5000	0.0230
48.5200	0.0240
48.5400	0.0260
48.5600	0.0270
48.5800	0.0290
48.6000	0.0300
48.6200	0.0310
48.6400	0.0310
48.6600	0.0310
48.6800	0.0320
48.7000	0.0310
48.7200	0.0300
48.7400	0.0290
48.7600	0.0280
48.7800	0.0270
48.8000	0.0260
48.8200	0.0240
48.8400	0.0220
48.8600	0.0200
48.8800	0.0180
48.9000	0.0150
48.9200	0.0120
48.9400	0.0100
48.9600	0.0070
48.9800	0.0040
49.0000	0.0010
49.0200	-0.0010
49.0400	-0.0040
49.0600	-0.0070
49.0800	-0.0090
49.1000	-0.0130
49.1200	-0.0140
49.1400	-0.0160
49.1600	-0.0190
49.1800	-0.0210
49.2000	-0.0230
49.2200	-0.0250
49.2400	-0.0270
49.2600	-0.0280
49.2800	-0.0300
49.3000	-0.0300
49.3200	-0.0300
49.3400	-0.0300
49.3600	-0.0300
49.3800	-0.0300
49.4000	-0.0290
49.4200	-0.0290
49.4400	-0.0280
49.4600	-0.0270
49.4800	-0.0250
49.5000	-0.0240
49.5200	-0.0210
49.5400	-0.0190
49.5600	-0.0170
49.5800	-0.0140
49.6000	-0.0120
49.6200	-0.0090
49.6400	-0.0070
49.6600	-0.0040
49.6800	-0.0010
49.7000	0.0020
49.7200	0.0050
49.7400	0.0080
49.7600	0.0110
49.7800	0.0130
49.8000	0.0160
49.8200	0.0180
49.8400	0.0200
49.8600	0.0220
49.8800	0.0250
49.9000	0.0260
49.9200	0.0270
49.9400	0.0280
49.9600	0.0300
49.9800	0.0310
50.0000	0.0310
50.0200	0.0310
50.0400	0.0310
50.0600	0.0310
50.0800	0.0310
50.1000	0.0300
50.1200	0.0280
50.1400	0.0270
50.1600	0.0260
50.1800	0.0240
50.2000	0.0220
50.2200	0.0200
50.2400	0.0180
50.2600	0.0150
50.2800	0.0130
50.3000	0.0100
50.3200	0.0070
50.3400	0.0040
50.3600	0.0020
50.3800	-0.0020
50.4000	-0.0050
50.4200	-0.0070
50.4400	-0.0110
50.4600	-0.0130
50.4800	-0.0160
50.5000	-0.0180
50.5200	-0.0190
50.5400	-0.0220
50.5600	-0.0230
50.5800	-0.0250
50.6000	-0.0270
50.6200	-0.0270
50.6400	-0.0290
50.6600	-0.0300
50.6800	-0.0310
50.7000	-0.0310
50.7200	-0.0300
50.7400	-0.0300
50.7600	-0.0300
50.7800	-0.0280
50.8000	-0.0270
50.8200	-0.0260
50.8400	-0.0260
50.8600	-0.0240
50.8800	-0.0220
50.9000	-0.0190
50.9200	-0.0160
50.9400	-0.0140
50.9600	-0.0120
50.9800	-0.0090
51.0000	-0.0070
51.0200	-0.0040
51.0400	-0.0010
51.0600	0.0010
51.0800	0.0050
51.1000	0.0080
51.1200	0.0110
51.1400	0.0130
51.1600	0.0150
51.1800	0.0180
51.2000	0.0200
51.2200	0.0230
51.2400	0.0250
51.2600	0.0260
51.2800	0.0280
51.3000	0.0300
51.3200	0.0300
51.3400	0.0300
51.3600	0.0320
51.3800	0.0320
51.4000	0.0320
51.4200	0.0310
51.4400	0.0300
51.4600	0.0290
51.4800	0.0290
51.5000	0.0270
51.5200	0.0260
51.5400	0.0240
51.5600	0.0230
51.5800	0.0200
51.6000	0.0180
51.6200	0.0150
51.6400	0.0120
51.6600	0.0090
51.6800	0.0070
51.7000	0.0040
51.7200	0.0020
51.7400	-0.0020
51.7600	-0.0040
51.7800	-0.0070
51.8000	-0.0090
51.8200	-0.0120
51.8400	-0.0160
51.8600	-0.0180
51.8800	-0.0200
51.9000	-0.0220
51.9200	-0.0240
51.9400	-0.0250
51.9600	-0.0270
51.9800	-0.0280
52.0000	-0.0290
52.0200	-0.0300
52.0400	-0.0310
52.0600	-0.0310
52.0800	-0.0310
52.1000	-0.0310
52.1200	-0.0300
52.1400	-0.0290
52.1600	-0.0280
52.1800	-0.0260
52.2000	-0.0250
52.2200	-0.0230
52.2400	-0.0220
52.2600	-0.0200
52.2800	-0.0170
52.3000	-0.0150
52.3200	-0.0120
52.3400	-0.0090
52.3600	-0.0060
52.3800	-0.0030
52.4000	-0.0010
52.4200	0.0020
52.4400	0.0050
52.4600	0.0070
52.4800	0.0110
52.5000	0.0140
52.5200	0.0160
52.5400	0.0190
52.5600	0.0210
52.5800	0.0230
52.6000	0.0250
52.6200	0.0270
52.6400	0.0280
52.6600	0.0290
52.6800	0.0310
52.7000	0.0310
52.7200	0.0310
52.7400	0.0320
52.7600	0.0320
52.7800	0.0310
52.8000	0.0310
52.8200	0.0300
52.8400	0.0290
52.8600	0.0270
52.8800	0.0260
52.9000	0.0240
52.9200	0.0220
52.9400	0.0200
52.9600	0.0180
52.9800	0.0150
53.0000	0.0120
53.0200	0.0100
53.0400	0.0060
53.0600	0.0030
53.0800	0.0010
53.1000	-0.0030
53.1200	-0.0050
53.1400	-0.0070
53.1600	-0.0100
53.1800	-0.0130
53.2000	-0.0150
53.2200	-0.0180
53.2400	-0.0210
53.2600	-0.0230
53.2800	-0.0240
53.3000	-0.0270
53.3200	-0.0270
53.3400	-0.0280
53.3600	-0.0290
53.3800	-0.0300
53.4000	-0.0300
53.4200	-0.0300
53.4400	-0.0310
53.4600	-0.0310
53.4800	-0.0310
53.5000	-0.0300
53.5200	-0.0270
53.5400	-0.0260
53.5600	-0.0250
53.5800	-0.0230
53.6000	-0.0210
53.6200	-0.0190
53.6400	-0.0170
53.6600	-0.0150
53.6800	-0.0120
53.7000	-0.0090
53.7200	-0.0060
53.7400	-0.0030
53.7600	-0.0010
53.7800	0.0020
53.8000	0.0050
53.8200	0.0080
53.8400	0.0110
53.8600	0.0130
53.8800	0.0170
53.9000	0.0190
53.9200	0.0210
53.9400	0.0230
53.9600	0.0250
53.9800	0.0270
54.0000	0.0280
54.0200	0.0300
54.0400	0.0300
54.0600	0.0310
54.0800	0.0320
54.1000	0.0320
54.1200	0.0310
54.1400	0.0320
54.1600	0.0310
54.1800	0.0300
54.2000	0.0290
54.2200	0.0280
54.2400	0.0250
54.2600	0.0240
54.2800	0.0220
54.3000	0.0200
54.3200	0.0170
54.3400	0.0150
54.3600	0.0120
54.3800	0.0100
54.4000	0.0070
54.4200	0.0040
54.4400	0.0000
54.4600	-0.0030
54.4800	-0.0050
54.5000	-0.0080
54.5200	-0.0100
54.5400	-0.0120
54.5600	-0.0150
54.5800	-0.0170
54.6000	-0.0200
54.6200	-0.0220
54.6400	-0.0250
54.6600	-0.0270
54.6800	-0.0280
54.7000	-0.0290
54.7200	-0.0290
54.7400	-0.0300
54.7600	-0.0300
54.7800	-0.0310
54.8000	-0.0310
54.8200	-0.0310
54.8400	-0.0300
54.8600	-0.0290
54.8800	-0.0290
54.9000	-0.0270
54.9200	-0.0250
54.9400	-0.0220
54.9600	-0.0210
54.9800	-0.0190
55.0000	-0.0170
55.0200	-0.0150
55.0400	-0.0120
55.0600	-0.0090
55.0800	-0.0070
55.1000	-0.0040
55.1200	-0.0000
55.1400	0.0030
55.1600	0.0060
55.1800	0.0090
55.2000	0.0110
55.2200	0.0140
55.2400	0.0160
55.2600	0.0180
55.2800	0.0210
55.3000	0.0240
55.3200	0.0250
55.3400	0.0270
55.3600	0.0280
55.3800	0.0300
55.4000	0.0310
55.4200	0.0310
55.4400	0.0310
55.4600	0.0310
55.4800	0.0320
55.5000	0.0320
55.5200	0.0310
55.5400	0.0300
55.5600	0.0290
55.5800	0.0280
55.6000	0.0260
55.6200	0.0240
55.6400	0.0220
55.6600	0.0190
55.6800	0.0180
55.7000	0.0150
55.7200	0.0120
55.7400	0.0100
55.7600	0.0070
55.7800	0.0030
55.8000	0.0010
55.8200	-0.0020
55.8400	-0.0060
55.8600	-0.0080
55.8800	-0.0110
55.9000	-0.0130
55.9200	-0.0150
55.9400	-0.0170
55.9600	-0.0200
55.9800	-0.0220
56.0000	-0.0240
56.0200	-0.0260
56.0400	-0.0280
56.0600	-0.0290
56.0800	-0.0310
56.1000	-0.0310
56.1200	-0.0300
56.1400	-0.0310
56.1600	-0.0310
56.1800	-0.0300
56.2000	-0.0300
56.2200	-0.0290
56.2400	-0.0280
56.2600	-0.0270
56.2800	-0.0260
56.3000	-0.0240
56.3200	-0.0210
56.3400	-0.0190
56.3600	-0.0170
56.3800	-0.0140
56.4000	-0.0120
56.4200	-0.0090
56.4400	-0.0070
56.4600	-0.0040
56.4800	-0.0010
56.5000	0.0030
56.5200	0.0060
56.5400	0.0090
56.5600	0.0110
56.5800	0.0140
56.6000	0.0170
56.6200	0.0190
56.6400	0.0210
56.6600	0.0230
56.6800	0.0250
56.7000	0.0270
56.7200	0.0280
56.7400	0.0300
56.7600	0.0310
56.7800	0.0310
56.8000	0.0320
56.8200	0.0320
56.8400	0.0320
56.8600	0.0310
56.8800	0.0310
56.9000	0.0300
56.9200	0.0290
56.9400	0.0270
56.9600	0.0260
56.9800	0.0240
57.0000	0.0220
57.0200	0.0200
57.0400	0.0170
57.0600	0.0140
57.0800	0.0130
57.1000	0.0090
57.1200	0.0070
57.1400	0.0040
57.1600	0.0000
57.1800	-0.0020
57.2000	-0.0050
57.2200	-0.0080
57.2400	-0.0120
57.2600	-0.0130
57.2800	-0.0160
57.3000	-0.0190
57.3200	-0.0200
57.3400	-0.0220
57.3600	-0.0240
57.3800	-0.0260
57.4000	-0.0270
57.4200	-0.0280
57.4400	-0.0300
57.4600	-0.0310
57.4800	-0.0320
57.5000	-0.0310
57.5200	-0.0300
57.5400	-0.0300
57.5600	-0.0300
57.5800	-0.0290
57.6000	-0.0280
57.6200	-0.0260
57.6400	-0.0250
57.6600	-0.0240
57.6800	-0.0220
57.7000	-0.0200
57.7200	-0.0160
57.7400	-0.0140
57.7600	-0.0120
57.7800	-0.0090
57.8000	-0.0060
57.8200	-0.0030
57.8400	-0.0010
57.8600	0.0020
57.8800	0.0060
57.9000	0.0090
57.9200	0.0120
57.9400	0.0140
57.9600	0.0170
57.9800	0.0190
58.0000	0.0220
58.0200	0.0240
58.0400	0.0250
58.0600	0.0270
58.0800	0.0290
58.1000	0.0300
58.1200	0.0300
58.1400	0.0320
58.1600	0.0320
58.1800	0.0320
58.2000	0.0320
58.2200	0.0320
58.2400	0.0310
58.2600	0.0290
58.2800	0.0290
58.3000	0.0280
58.3200	0.0250
58.3400	0.0240
58.3600	0.0220
58.3800	0.0200
58.4000	0.0170
58.4200	0.0150
58.4400	0.0110
58.4600	0.0090
58.4800	0.0060
58.5000	0.0040
58.5200	0.0010
58.5400	-0.0020
58.5600	-0.0050
58.5800	-0.0080
58.6000	-0.0110
58.6200	-0.0130
58.6400	-0.0160
58.6600	-0.0180
58.6800	-0.0210
58.7000	-0.0230
58.7200	-0.0240
58.7400	-0.0260
58.7600	-0.0270
58.7800	-0.0290
58.8000	-0.0290
58.8200	-0.0300
58.8400	-0.0310
58.8600	-0.0320
58.8800	-0.0320
58.9000	-0.0310
58.9200	-0.0300
58.9400	-0.0280
58.9600	-0.0270
58.9800	-0.0260
59.0000	-0.0240
59.0200	-0.0230
59.0400	-0.0210
59.0600	-0.0190
59.0800	-0.0170
59.1000	-0.0150
59.1200	-0.0110
59.1400	-0.0080
59.1600	-0.0060
59.1800	-0.0030
59.2000	-0.0000
59.2200	0.0030
59.2400	0.0050
59.2600	0.0080
59.2800	0.0120
59.3000	0.0140
59.3200	0.0170
59.3400	0.0190
59.3600	0.0210
59.3800	0.0240
59.4000	0.0260
59.4200	0.0270
59.4400	0.0280
59.4600	0.0300
59.4800	0.0310
59.5000	0.0320
59.5200	0.0310
59.5400	0.0310
59.5600	0.0310
59.5800	0.0320
59.6000	0.0310
59.6200	0.0300
59.6400	0.0290
59.6600	0.0270
59.6800	0.0260
59.7000	0.0240
59.7200	0.0210
59.7400	0.0190
59.7600	0.0170
59.7800	0.0140
59.8000	0.0120
59.8200	0.0090
59.8400	0.0060
59.8600	0.0030
59.8800	0.0000
59.9000	-0.0020
59.9200	-0.0050
59.9400	-0.0080
59.9600	-0.0110
59.9800	-0.0140
60.0000	-0.0160
60.0200	-0.0180
60.0400	-0.0210
60.0600	-0.0230
60.0800	-0.0250
60.1000	-0.0270
60.1200	-0.0270
60.1400	-0.0280
60.1600	-0.0290
60.1800	-0.0300
60.2000	-0.0300
60.2200	-0.0310
60.2400	-0.0310
60.2600	-0.0310
60.2800	-0.0310
60.3000	-0.0290
60.3200	-0.0270
60.3400	-0.0260
60.3600	-0.0240
60.3800	-0.0220
60.4000	-0.0210
60.4200	-0.0180
60.4400	-0.0170
60.4600	-0.0150
60.4800	-0.0120
60.5000	-0.0090
60.5200	-0.0050
60.5400	-0.0020
60.5600	0.0000
60.5800	0.0030
60.6000	0.0060
60.6200	0.0090
60.6400	0.0110
60.6600	0.0140
60.6800	0.0170
60.7000	0.0190
60.7200	0.0210
60.7400	0.0230
60.7600	0.0250
60.7800	0.0270
60.8000	0.0290
60.8200	0.0300
60.8400	0.0300
60.8600	0.0310
60.8800	0.0320
60.9000	0.0320
60.9200	0.0320
60.9400	0.0310
60.9600	0.0310
60.9800	0.0300
61.0000	0.0290
61.0200	0.0270
61.0400	0.0250
61.0600	0.0230
61.0800	0.0220
61.1000	0.0200
61.1200	0.0170
61.1400	0.0140
61.1600	0.0120
61.1800	0.0080
61.2000	0.0060
61.2200	0.0030
61.2400	-0.0000
61.2600	-0.0030
61.2800	-0.0050
61.3000	-0.0090
61.3200	-0.0110
61.3400	-0.0130
61.3600	-0.0150
61.3800	-0.0190
61.4000	-0.0200
61.4200	-0.0230
61.4400	-0.0250
61.4600	-0.0260
61.4800	-0.0280
61.5000	-0.0290
61.5200	-0.0300
61.5400	-0.0300
61.5600	-0.0310
61.5800	-0.0310
61.6000	-0.0300
61.6200	-0.0300
61.6400	-0.0300
61.6600	-0.0290
61.6800	-0.0280
61.7000	-0.0270
61.7200	-0.0250
61.7400	-0.0220
61.7600	-0.0210
61.7800	-0.0190
61.8000	-0.0160
61.8200	-0.0140
61.8400	-0.0120
61.8600	-0.0090
61.8800	-0.0060
61.9000	-0.0020
61.9200	0.0010
61.9400	0.0040
61.9600	0.0060
61.9800	0.0090
62.0000	0.0120
62.0200	0.0150
62.0400	0.0170
62.0600	0.0190
62.0800	0.0220
62.1000	0.0240
62.1200	0.0250
62.1400	0.0260
62.1600	0.0290
62.1800	0.0300
62.2000	0.0310
62.2200	0.0320
62.2400	0.0320
62.2600	0.0310
62.2800	0.0310
62.3000	0.0310
62.3200	0.0300
62.3400	0.0290
62.3600	0.0290
62.3800	0.0270
62.4000	0.0250
62.4200	0.0240
62.4400	0.0210
62.4600	0.0180
62.4800	0.0170
62.5000	0.0150
62.5200	0.0110
62.5400	0.0080
62.5600	0.0060
62.5800	0.0030
62.6000	-0.0000
62.6200	-0.0030
62.6400	-0.0060
62.6600	-0.0090
62.6800	-0.0110
62.7000	-0.0140
62.7200	-0.0160
62.7400	-0.0180
62.7600	-0.0200
62.7800	-0.0220
62.8000	-0.0250
62.8200	-0.0260
62.8400	-0.0280
62.8600	-0.0290
62.8800	-0.0300
62.9000	-0.0310
62.9200	-0.0300
62.9400	-0.0310
62.9600	-0.0310
62.9800	-0.0300
63.0000	-0.0300
63.0200	-0.0280
63.0400	-0.0280
63.0600	-0.0260
63.0800	-0.0250
63.1000	-0.0230
63.1200	-0.0200
63.1400	-0.0180
63.1600	-0.0150
63.1800	-0.0130
63.2000	-0.0110
63.2200	-0.0080
63.2400	-0.0050
63.2600	-0.0030
63.2800	0.0010
63.3000	0.0040
63.3200	0.0060
63.3400	0.0090
63.3600	0.0120
63.3800	0.0150
63.4000	0.0170
63.4200	0.0200
63.4400	0.0210
63.4600	0.0230
63.4800	0.0260
63.5000	0.0280
63.5200	0.0280
63.5400	0.0290
63.5600	0.0310
63.5800	0.0310
63.6000	0.0310
63.6200	0.0320
63.6400	0.0310
63.6600	0.0310
63.6800	0.0310
63.7000	0.0290
63.7200	0.0280
63.7400	0.0260
63.7600	0.0250
63.7800	0.0230
63.8000	0.0210
63.8200	0.0190
63.8400	0.0160
63.8600	0.0130
63.8800	0.0110
63.9000	0.0080
63.9200	0.0060
63.9400	0.0030
63.9600	-0.0010
63.9800	-0.0030
64.0000	-0.0060
64.0200	-0.0090
64.0400	-0.0120
64.0600	-0.0150
64.0800	-0.0170
64.1000	-0.0190
64.1200	-0.0210
64.1400	-0.0230
64.1600	-0.0250
64.1800	-0.0260
64.2000	-0.0270
64.2200	-0.0280
64.2400	-0.0300
64.2600	-0.0300
64.2800	-0.0310
64.3000	-0.0310
64.3200	-0.0310
64.3400	-0.0300
64.3600	-0.0300
64.3800	-0.0280
64.4000	-0.0270
64.4200	-0.0260
64.4400	-0.0240
64.4600	-0.0230
64.4800	-0.0210
64.5000	-0.0190
64.5200	-0.0150
64.5400	-0.0130
64.5600	-0.0100
64.5800	-0.0080
64.6000	-0.0050
64.6200	-0.0020
64.6400	0.0010
64.6600	0.0030
64.6800	0.0060
64.7000	0.0100
64.7200	0.0120
64.7400	0.0140
64.7600	0.0170
64.7800	0.0200
64.8000	0.0220
64.8200	0.0250
64.8400	0.0250
64.8600	0.0270
64.8800	0.0290
64.9000	0.0300
64.9200	0.0300
64.9400	0.0310
64.9600	0.0320
64.9800	0.0320
65.0000	0.0310
65.0200	0.0310
65.0400	0.0300
65.0600	0.0290
65.0800	0.0280
65.1000	0.0270
65.1200	0.0240
65.1400	0.0220
65.1600	0.0210
65.1800	0.0190
65.2000	0.0170
65.2200	0.0130
65.2400	0.0110
65.2600	0.0070
65.2800	0.0060
65.3000	0.0030
65.3200	-0.0000
65.3400	-0.0030
65.3600	-0.0060
65.3800	-0.0090
65.4000	-0.0110
65.4200	-0.0140
65.4400	-0.0170
65.4600	-0.0200
65.4800	-0.0210
65.5000	-0.0240
65.5200	-0.0250
65.5400	-0.0260
65.5600	-0.0270
65.5800	-0.0280
65.6000	-0.0300
65.6200	-0.0300
65.6400	-0.0310
65.6600	-0.0300
65.6800	-0.0310
65.7000	-0.0300
65.7200	-0.0300
65.7400	-0.0280
65.7600	-0.0270
65.7800	-0.0260
65.8000	-0.0240
65.8200	-0.0220
65.8400	-0.0200
65.8600	-0.0180
65.8800	-0.0160
65.9000	-0.0130
65.9200	-0.0100
65.9400	-0.0070
65.9600	-0.0040
65.9800	-0.0020
66.0000	0.0010
66.0200	0.0040
66.0400	0.0060
66.0600	0.0090
66.0800	0.0130
66.1000	0.0150
66.1200	0.0170
66.1400	0.0190
66.1600	0.0220
66.1800	0.0240
66.2000	0.0260
66.2200	0.0280
66.2400	0.0280
66.2600	0.0300
66.2800	0.0310
66.3000	0.0320
66.3200	0.0310
66.3400	0.0310
66.3600	0.0320
66.3800	0.0310
66.4000	0.0300
66.4200	0.0290
66.4400	0.0280
66.4600	0.0260
66.4800	0.0250
66.5000	0.0240
66.5200	0.0210
66.5400	0.0180
66.5600	0.0160
66.5800	0.0130
66.6000	0.0110
66.6200	0.0080
66.6400	0.0050
66.6600	0.0010
66.6800	-0.0000
66.7000	-0.0040
66.7200	-0.0060
66.7400	-0.0080
66.7600	-0.0120
66.7800	-0.0140
66.8000	-0.0160
66.8200	-0.0190
66.8400	-0.0220
66.8600	-0.0230
66.8800	-0.0250
66.9000	-0.0260
66.9200	-0.0270
66.9400	-0.0280
66.9600	-0.0290
66.9800	-0.0300
67.0000	-0.0300
67.0200	-0.0300
67.0400	-0.0310
67.0600	-0.0310
67.0800	-0.0300
67.1000	-0.0290
67.1200	-0.0270
67.1400	-0.0250
67.1600	-0.0240
67.1800	-0.0220
67.2000	-0.0200
67.2200	-0.0180
67.2400	-0.0160
67.2600	-0.0130
67.2800	-0.0100
67.3000	-0.0070
67.3200	-0.0040
67.3400	-0.0010
67.3600	0.0020
67.3800	0.0040
67.4000	0.0070
67.4200	0.0100
67.4400	0.0130
67.4600	0.0150
67.4800	0.0180
67.5000	0.0210
67.5200	0.0220
67.5400	0.0240
67.5600	0.0260
67.5800	0.0280
67.6000	0.0290
67.6200	0.0300
67.6400	0.0300
67.6600	0.0310
67.6800	0.0320
67.7000	0.0320
67.7200	0.0310
67.7400	0.0300
67.7600	0.0300
67.7800	0.0290
67.8000	0.0280
67.8200	0.0260
67.8400	0.0240
67.8600	0.0220
67.8800	0.0210
67.9000	0.0190
67.9200	0.0160
67.9400	0.0130
67.9600	0.0100
67.9800	0.0070
68.0000	0.0050
68.0200	0.0020
68.0400	-0.0020
68.0600	-0.0050
68.0800	-0.0060
68.1000	-0.0090
68.1200	-0.0110
68.1400	-0.0140
68.1600	-0.0160
68.1800	-0.0190
68.2000	-0.0210
68.2200	-0.0230
68.2400	-0.0260
68.2600	-0.0270
68.2800	-0.0280
68.3000	-0.0290
68.3200	-0.0290
68.3400	-0.0300
68.3600	-0.0300
68.3800	-0.0300
68.4000	-0.0300
68.4200	-0.0300
68.4400	-0.0290
68.4600	-0.0280
68.4800	-0.0270
68.5000	-0.0260
68.5200	-0.0230
68.5400	-0.0210
68.5600	-0.0200
68.5800	-0.0170
68.6000	-0.0150
68.6200	-0.0120
68.6400	-0.0100
68.6600	-0.0080
68.6800	-0.0040
68.7000	-0.0020
68.7200	0.0020
68.7400	0.0050
68.7600	0.0070
68.7800	0.0100
68.8000	0.0130
68.8200	0.0160
68.8400	0.0170
68.8600	0.0200
68.8800	0.0230
68.9000	0.0240
68.9200	0.0260
68.9400	0.0270
68.9600	0.0290
68.9800	0.0300
69.0000	0.0310
69.0200	0.0310
69.0400	0.0310
69.0600	0.0310
69.0800	0.0320
69.1000	0.0310
69.1200	0.0300
69.1400	0.0280
69.1600	0.0280
69.1800	0.0260
69.2000	0.0240
69.2200	0.0230
69.2400	0.0200
69.2600	0.0170
69.2800	0.0160
69.3000	0.0130
69.3200	0.0100
69.3400	0.0080
69.3600	0.0040
69.3800	0.0020
69.4000	-0.0010
69.4200	-0.0040
69.4400	-0.0070
69.4600	-0.0100
69.4800	-0.0130
69.5000	-0.0150
69.5200	-0.0170
69.5400	-0.0190
69.5600	-0.0210
69.5800	-0.0230
69.6000	-0.0250
69.6200	-0.0270
69.6400	-0.0280
69.6600	-0.0290
69.6800	-0.0300
69.7000	-0.0310
69.7200	-0.0300
69.7400	-0.0310
69.7600	-0.0300
69.7800	-0.0290
69.8000	-0.0290
69.8200	-0.0280
69.8400	-0.0270
69.8600	-0.0250
69.8800	-0.0240
69.9000	-0.0220
69.9200	-0.0190
69.9400	-0.0160
69.9600	-0.0140
69.9800	-0.0120
70.0000	-0.0090
70.0200	-0.0060
70.0400	-0.0040
70.0600	-0.0010
70.0800	0.0020
70.1000	0.0050
70.1200	0.0080
70.1400	0.0100
70.1600	0.0130
70.1800	0.0150
70.2000	0.0180
70.2200	0.0200
70.2400	0.0220
70.2600	0.0240
70.2800	0.0260
70.3000	0.0280
70.3200	0.0280
70.3400	0.0300
70.3600	0.0310
70.3800	0.0310
70.4000	0.0320
70.4200	0.0320
70.4400	0.0310
70.4600	0.0300
70.4800	0.0300
70.5000	0.0280
70.5200	0.0270
70.5400	0.0260
70.5600	0.0240
70.5800	0.0220
70.6000	0.0200
70.6200	0.0180
70.6400	0.0150
70.6600	0.0120
70.6800	0.0100
70.7000	0.0070
70.7200	0.0040
70.7400	0.0020
70.7600	-0.0010
70.7800	-0.0040
70.8000	-0.0070
70.8200	-0.0090
70.8400	-0.0130
70.8600	-0.0160
70.8800	-0.0180
70.9000	-0.0200
70.9200	-0.0220
70.9400	-0.0230
70.9600	-0.0250
70.9800	-0.0260
71.0000	-0.0280
71.0200	-0.0280
71.0400	-0.0300
71.0600	-0.0310
71.0800	-0.0310
71.1000	-0.0310
71.1200	-0.0300
71.1400	-0.0290
71.1600	-0.0290
71.1800	-0.0280
71.2000	-0.0260
71.2200	-0.0250
71.2400	-0.0230
71.2600	-0.0210
71.2800	-0.0200
71.3000	-0.0180
71.3200	-0.0140
71.3400	-0.0110
71.3600	-0.0090
71.3800	-0.0070
71.4000	-0.0040
71.4200	-0.0010
71.4400	0.0020
71.4600	0.0040
71.4800	0.0080
71.5000	0.0110
71.5200	0.0130
71.5400	0.0160
71.5600	0.0180
71.5800	0.0200
71.6000	0.0230
71.6200	0.0250
71.6400	0.0260
71.6600	0.0270
71.6800	0.0290
71.7000	0.0300
71.7200	0.0300
71.7400	0.0310
71.7600	0.0310
71.7800	0.0320
71.8000	0.0310
71.8200	0.0310
71.8400	0.0290
71.8600	0.0280
71.8800	0.0270
71.9000	0.0260
71.9200	0.0240
71.9400	0.0220
71.9600	0.0200
71.9800	0.0170
72.0000	0.0150
72.0200	0.0120
72.0400	0.0090
72.0600	0.0070
72.0800	0.0050
72.1000	0.0010
72.1200	-0.0010
72.1400	-0.0040
72.1600	-0.0080
72.1800	-0.0110
72.2000	-0.0130
72.2200	-0.0150
72.2400	-0.0180
72.2600	-0.0200
72.2800	-0.0220
72.3000	-0.0240
72.3200	-0.0250
72.3400	-0.0270
72.3600	-0.0280
72.3800	-0.0290
72.4000	-0.0300
72.4200	-0.0300
72.4400	-0.0310
72.4600	-0.0310
72.4800	-0.0310
72.5000	-0.0300
72.5200	-0.0280
72.5400	-0.0270
72.5600	-0.0260
72.5800	-0.0250
72.6000	-0.0230
72.6200	-0.0210
72.6400	-0.0190
72.6600	-0.0160
72.6800	-0.0140
72.7000	-0.0120
72.7200	-0.0080
72.7400	-0.0050
72.7600	-0.0030
72.7800	-0.0000
72.8000	0.0030
72.8200	0.0050
72.8400	0.0070
72.8600	0.0100
72.8800	0.0140
72.9000	0.0160
72.9200	0.0180
72.9400	0.0200
72.9600	0.0230
72.9800	0.0250
73.0000	0.0270
73.0200	0.0280
73.0400	0.0290
73.0600	0.0300
73.0800	0.0310
73.1000	0.0320
73.1200	0.0310
73.1400	0.0310
73.1600	0.0310
73.1800	0.0310
73.2000	0.0300
73.2200	0.0280
73.2400	0.0270
73.2600	0.0250
73.2800	0.0240
73.3000	0.0220
73.3200	0.0190
73.3400	0.0170
73.3600	0.0150
73.3800	0.0120
73.4000	0.0090
73.4200	0.0070
73.4400	0.0030
73.4600	0.0010
73.4800	-0.0020
73.5000	-0.0050
73.5200	-0.0070
73.5400	-0.0100
73.5600	-0.0130
73.5800	-0.0160
73.6000	-0.0180
73.6200	-0.0200
73.6400	-0.0220
73.6600	-0.0250
73.6800	-0.0260
73.7000	-0.0270
73.7200	-0.0280
73.7400	-0.0290
73.7600	-0.0300
73.7800	-0.0300
73.8000	-0.0300
73.8200	-0.0300
73.8400	-0.0310
73.8600	-0.0300
73.8800	-0.0300
73.9000	-0.0280
73.9200	-0.0260
73.9400	-0.0240
73.9600	-0.0220
73.9800	-0.0210
74.0000	-0.0190
74.0200	-0.0160
74.0400	-0.0140
74.0600	-0.0120
74.0800	-0.0090
74.1000	-0.0060
74.1200	-0.0020
74.1400	0.0000
74.1600	0.0030
74.1800	0.0060
74.2000	0.0080
74.2200	0.0110
74.2400	0.0140
74.2600	0.0160
74.2800	0.0190
74.3000	0.0220
74.3200	0.0230
74.3400	0.0250
74.3600	0.0260
74.3800	0.0280
74.4000	0.0300
74.4200	0.0300
74.4400	0.0300
74.4600	0.0300
74.4800	0.0310
74.5000	0.0320
74.5200	0.0300
74.5400	0.0300
74.5600	0.0300
74.5800	0.0280
74.6000	0.0270
74.6200	0.0250
74.6400	0.0230
74.6600	0.0210
74.6800	0.0200
74.7000	0.0180
74.7200	0.0150
74.7400	0.0120
74.7600	0.0090
74.7800	0.0060
74.8000	0.0030
74.8200	0.0010
74.8400	-0.0020
74.8600	-0.0060
74.8800	-0.0080
74.9000	-0.0110
74.9200	-0.0130
74.9400	-0.0150
74.9600	-0.0170
74.9800	-0.0200
75.0000	-0.0220
75.0200	-0.0240
75.0400	-0.0260
75.0600	-0.0280
75.0800	-0.0290
75.1000	-0.0300
75.1200	-0.0300
75.1400	-0.0300
75.1600	-0.0300
75.1800	-0.0300
75.2000	-0.0300
75.2200	-0.0290
75.2400	-0.0290
75.2600	-0.0280
75.2800	-0.0260
75.3000	-0.0250
75.3200	-0.0220
75.3400	-0.0200
75.3600	-0.0180
75.3800	-0.0160
75.4000	-0.0140
75.4200	-0.0110
75.4400	-0.0090
75.4600	-0.0060
75.4800	-0.0030
75.5000	0.0000
75.5200	0.0030
75.5400	0.0060
75.5600	0.0090
75.5800	0.0110
75.6000	0.0140
75.6200	0.0170
75.6400	0.0180
75.6600	0.0210
75.6800	0.0230
75.7000	0.0250
75.7200	0.0270
75.7400	0.0280
75.7600	0.0300
75.7800	0.0300
75.8000	0.0310
75.8200	0.0320
75.8400	0.0310
75.8600	0.0310
75.8800	0.0310
75.9000	0.0300
75.9200	0.0290
75.9400	0.0280
75.9600	0.0270
75.9800	0.0250
76.0000	0.0240
76.0200	0.0210
76.0400	0.0180
76.0600	0.0160
76.0800	0.0140
76.1000	0.0120
76.1200	0.0090
76.1400	0.0060
76.1600	0.0030
76.1800	0.0000
76.2000	-0.0030
76.2200	-0.0060
76.2400	-0.0090
76.2600	-0.0120
76.2800	-0.0140
76.3000	-0.0170
76.3200	-0.0170
76.3400	-0.0200
76.3600	-0.0220
76.3800	-0.0240
76.4000	-0.0260
76.4200	-0.0270
76.4400	-0.0290
76.4600	-0.0300
76.4800	-0.0310
76.5000	-0.0310
76.5200	-0.0300
76.5400	-0.0300
76.5600	-0.0300
76.5800	-0.0300
76.6000	-0.0280
76.6200	-0.0270
76.6400	-0.0260
76.6600	-0.0250
76.6800	-0.0230
76.7000	-0.0210
76.7200	-0.0170
76.7400	-0.0150
76.7600	-0.0130
76.7800	-0.0110
76.8000	-0.0080
76.8200	-0.0050
76.8400	-0.0030
76.8600	-0.0000
76.8800	0.0030
76.9000	0.0060
76.9200	0.0090
76.9400	0.0120
76.9600	0.0140
76.9800	0.0170
77.0000	0.0200
77.0200	0.0210
77.0400	0.0230
77.0600	0.0250
77.0800	0.0270
77.1000	0.0290
77.1200	0.0290
77.1400	0.0300
77.1600	0.0310
77.1800	0.0310
77.2000	0.0320
77.2200	0.0320
77.2400	0.0310
77.2600	0.0300
77.2800	0.0290
77.3000	0.0280
77.3200	0.0260
77.3400	0.0250
77.3600	0.0230
77.3800	0.0210
77.4000	0.0190
77.4200	0.0160
77.4400	0.0140
77.4600	0.0110
77.4800	0.0090
77.5000	0.0060
77.5200	0.0030
77.5400	0.0010
77.5600	-0.0030
77.5800	-0.0060
77.6000	-0.0080
77.6200	-0.0110
77.6400	-0.0140
77.6600	-0.0170
77.6800	-0.0190
77.7000	-0.0210
77.7200	-0.0230
77.7400	-0.0240
77.7600	-0.0260
77.7800	-0.0270
77.8000	-0.0280
77.8200	-0.0290
77.8400	-0.0310
77.8600	-0.0310
77.8800	-0.0310
77.9000	-0.0310
77.9200	-0.0290
77.9400	-0.0290
77.9600	-0.0280
77.9800	-0.0270
78.0000	-0.0260
78.0200	-0.0250
78.0400	-0.0220
78.0600	-0.0210
78.0800	-0.0180
78.1000	-0.0160
78.1200	-0.0130
78.1400	-0.0110
78.1600	-0.0080
78.1800	-0.0050
78.2000	-0.0020
78.2200	0.0000
78.2400	0.0040
78.2600	0.0060
78.2800	0.0090
78.3000	0.0120
78.3200	0.0140
78.3400	0.0170
78.3600	0.0200
78.3800	0.0210
78.4000	0.0240
78.4200	0.0250
78.4400	0.0270
78.4600	0.0280
78.4800	0.0300
78.5000	0.0310
78.5200	0.0310
78.5400	0.0310
78.5600	0.0310
78.5800	0.0310
78.6000	0.0310
78.6200	0.0310
78.6400	0.0290
78.6600	0.0270
78.6800	0.0270
78.7000	0.0250
78.7200	0.0230
78.7400	0.0200
78.7600	0.0190
78.7800	0.0160
78.8000	0.0140
78.8200	0.0110
78.8400	0.0080
78.8600	0.0050
78.8800	0.0020
78.9000	-0.0000
78.9200	-0.0030
78.9400	-0.0050
78.9600	-0.0080
78.9800	-0.0110
79.0000	-0.0140
79.0200	-0.0160
79.0400	-0.0190
79.0600	-0.0210
79.0800	-0.0240
79.1000	-0.0250
79.1200	-0.0260
79.1400	-0.0270
79.1600	-0.0280
79.1800	-0.0290
79.2000	-0.0300
79.2200	-0.0300
79.2400	-0.0310
79.2600	-0.0320
79.2800	-0.0300
79.3000	-0.0300
79.3200	-0.0280
79.3400	-0.0270
79.3600	-0.0250
79.3800	-0.0240
79.4000	-0.0220
79.4200	-0.0200
79.4400	-0.0180
79.4600	-0.0160
79.4800	-0.0130
79.5000	-0.0110
79.5200	-0.0070
79.5400	-0.0040
79.5600	-0.0020
79.5800	0.0000
79.6000	0.0040
79.6200	0.0070
79.6400	0.0090
79.6600	0.0120
79.6800	0.0150
79.7000	0.0170
79.7200	0.0190
79.7400	0.0220
79.7600	0.0240
79.7800	0.0250
79.8000	0.0280
79.8200	0.0290
79.8400	0.0300
79.8600	0.0300
79.8800	0.0310
79.9000	0.0320
79.9200	0.0310
79.9400	0.0300
79.9600	0.0310
79.9800	0.0300
80.0000	0.0290
80.0200	0.0280
80.0400	0.0260
80.0600	0.0240
80.0800	0.0230
80.1000	0.0210
80.1200	0.0180
80.1400	0.0160
80.1600	0.0130
80.1800	0.0110
80.2000	0.0080
80.2200	0.0050
80.2400	0.0020
80.2600	-0.0010
80.2800	-0.0030
80.3000	-0.0060
80.3200	-0.0090
80.3400	-0.0110
80.3600	-0.0140
80.3800	-0.0160
80.4000	-0.0190
80.4200	-0.0210
80.4400	-0.0230
80.4600	-0.0250
80.4800	-0.0260
80.5000	-0.0280
80.5200	-0.0280
80.5400	-0.0300
80.5600	-0.0300
80.5800	-0.0300
80.6000	-0.0300
80.6200	-0.0300
80.6400	-0.0300
80.6600	-0.0290
80.6800	-0.0290
80.7000	-0.0270
80.7200	-0.0250
80.7400	-0.0240
80.7600	-0.0220
80.7800	-0.0200
80.8000	-0.0180
80.8200	-0.0150
80.8400	-0.0130
80.8600	-0.0110
80.8800	-0.0070
80.9000	-0.0050
80.9200	-0.0010
80.9400	0.0010
80.9600	0.0040
80.9800	0.0070
81.0000	0.0100
81.0200	0.0130
81.0400	0.0150
81.0600	0.0170
81.0800	0.0210
81.1000	0.0220
81.1200	0.0240
81.1400	0.0260
81.1600	0.0270
81.1800	0.0290
81.2000	0.0300
81.2200	0.0310
81.2400	0.0310
81.2600	0.0310
81.2800	0.0320
81.3000	0.0320
81.3200	0.0310
81.3400	0.0300
81.3600	0.0290
81.3800	0.0280
81.4000	0.0260
81.4200	0.0250
81.4400	0.0220
81.4600	0.0200
81.4800	0.0180
81.5000	0.0160
81.5200	0.0130
81.5400	0.0100
81.5600	0.0080
81.5800	0.0040
81.6000	0.0020
81.6200	-0.0010
81.6400	-0.0050
81.6600	-0.0070
81.6800	-0.0100
81.7000	-0.0120
81.7200	-0.0140
81.7400	-0.0170
81.7600	-0.0200
81.7800	-0.0210
81.8000	-0.0230
81.8200	-0.0240
81.8400	-0.0270
81.8600	-0.0280
81.8800	-0.0300
81.9000	-0.0310
81.9200	-0.0300
81.9400	-0.0300
81.9600	-0.0300
81.9800	-0.0300
82.0000	-0.0290
82.0200	-0.0290
82.0400	-0.0290
82.0600	-0.0280
82.0800	-0.0260
82.1000	-0.0250
82.1200	-0.0220
82.1400	-0.0190
82.1600	-0.0170
82.1800	-0.0150
82.2000	-0.0120
82.2200	-0.0100
82.2400	-0.0080
82.2600	-0.0050
82.2800	-0.0010
82.3000	0.0020
82.3200	0.0050
82.3400	0.0080
82.3600	0.0100
82.3800	0.0120
82.4000	0.0150
82.4200	0.0180
82.4400	0.0190
82.4600	0.0220
82.4800	0.0240
82.5000	0.0260
82.5200	0.0270
82.5400	0.0280
82.5600	0.0300
82.5800	0.0310
82.6000	0.0320
82.6200	0.0320
82.6400	0.0310
82.6600	0.0310
82.6800	0.0310
82.7000	0.0300
82.7200	0.0280
82.7400	0.0270
82.7600	0.0260
82.7800	0.0250
82.8000	0.0220
82.8200	0.0210
82.8400	0.0170
82.8600	0.0150
82.8800	0.0130
82.9000	0.0100
82.9200	0.0080
82.9400	0.0050
82.9600	0.0010
82.9800	-0.0010
83.0000	-0.0040
83.0200	-0.0070
83.0400	-0.0100
83.0600	-0.0120
83.0800	-0.0150
83.1000	-0.0180
83.1200	-0.0190
83.1400	-0.0210
83.1600	-0.0230
83.1800	-0.0250
83.2000	-0.0260
83.2200	-0.0280
83.2400	-0.0290
83.2600	-0.0300
83.2800	-0.0310
83.3000	-0.0310
83.3200	-0.0300
83.3400	-0.0300
83.3600	-0.0290
83.3800	-0.0280
83.4000	-0.0280
83.4200	-0.0270
83.4400	-0.0260
83.4600	-0.0240
83.4800	-0.0230
83.5000	-0.0200
83.5200	-0.0170
83.5400	-0.0140
83.5600	-0.0120
83.5800	-0.0100
83.6000	-0.0070
83.6200	-0.0040
83.6400	-0.0020
83.6600	0.0010
83.6800	0.0050
83.7000	0.0080
83.7200	0.0100
83.7400	0.0130
83.7600	0.0160
83.7800	0.0180
83.8000	0.0200
83.8200	0.0220
83.8400	0.0240
83.8600	0.0250
83.8800	0.0280
83.9000	0.0290
83.9200	0.0300
83.9400	0.0300
83.9600	0.0310
83.9800	0.0320
84.0000	0.0320
84.0200	0.0310
84.0400	0.0310
84.0600	0.0300
84.0800	0.0290
84.1000	0.0280
84.1200	0.0260
84.1400	0.0240
84.1600	0.0220
84.1800	0.0200
84.2000	0.0180
84.2200	0.0150
84.2400	0.0130
84.2600	0.0090
84.2800	0.0070
84.3000	0.0050
84.3200	0.0020
84.3400	-0.0000
84.3600	-0.0050
84.3800	-0.0070
84.4000	-0.0090
84.4200	-0.0120
84.4400	-0.0160
84.4600	-0.0180
84.4800	-0.0200
84.5000	-0.0220
84.5200	-0.0230
84.5400	-0.0250
84.5600	-0.0270
84.5800	-0.0280
84.6000	-0.0290
84.6200	-0.0300
84.6400	-0.0310
84.6600	-0.0310
84.6800	-0.0310
84.7000	-0.0310
84.7200	-0.0300
84.7400	-0.0290
84.7600	-0.0280
84.7800	-0.0270
84.8000	-0.0250
84.8200	-0.0230
84.8400	-0.0220
84.8600	-0.0200
84.8800	-0.0170
84.9000	-0.0150
84.9200	-0.0120
84.9400	-0.0090
84.9600	-0.0070
84.9800	-0.0040
85.0000	-0.0010
85.0200	0.0020
85.0400	0.0040
85.0600	0.0070
85.0800	0.0100
85.1000	0.0130
85.1200	0.0150
85.1400	0.0180
85.1600	0.0200
85.1800	0.0230
85.2000	0.0250
85.2200	0.0270
85.2400	0.0270
85.2600	0.0290
85.2800	0.0300
85.3000	0.0310
85.3200	0.0310
85.3400	0.0310
85.3600	0.0310
85.3800	0.0310
85.4000	0.0310
85.4200	0.0300
85.4400	0.0280
85.4600	0.0270
85.4800	0.0260
85.5000	0.0240
85.5200	0.0220
85.5400	0.0190
85.5600	0.0170
85.5800	0.0150
85.6000	0.0120
85.6200	0.0100
85.6400	0.0060
85.6600	0.0040
85.6800	0.0020
85.7000	-0.0020
85.7200	-0.0040
85.7400	-0.0060
85.7600	-0.0100
85.7800	-0.0120
85.8000	-0.0150
85.8200	-0.0170
85.8400	-0.0200
85.8600	-0.0230
85.8800	-0.0240
85.9000	-0.0250
85.9200	-0.0260
85.9400	-0.0280
85.9600	-0.0290
85.9800	-0.0300
86.0000	-0.0300
86.0200	-0.0310
86.0400	-0.0310
86.0600	-0.0310
86.0800	-0.0310
86.1000	-0.0300
86.1200	-0.0270
86.1400	-0.0260
86.1600	-0.0250
86.1800	-0.0230
86.2000	-0.0210
86.2200	-0.0190
86.2400	-0.0170
86.2600	-0.0150
86.2800	-0.0120
86.3000	-0.0090
86.3200	-0.0060
86.3400	-0.0030
86.3600	-0.0000
86.3800	0.0020
86.4000	0.0050
86.4200	0.0080
86.4400	0.0100
86.4600	0.0130
86.4800	0.0160
86.5000	0.0190
86.5200	0.0210
86.5400	0.0230
86.5600	0.0250
86.5800	0.0260
86.6000	0.0280
86.6200	0.0290
86.6400	0.0290
86.6600	0.0310
86.6800	0.0310
86.7000	0.0310
86.7200	0.0310
86.7400	0.0310
86.7600	0.0310
86.7800	0.0300
86.8000	0.0290
86.8200	0.0280
86.8400	0.0250
86.8600	0.0240
86.8800	0.0220
86.9000	0.0200
86.9200	0.0170
86.9400	0.0150
86.9600	0.0130
86.9800	0.0100
87.0000	0.0070
87.0200	0.0040
87.0400	0.0000
87.0600	-0.0030
87.0800	-0.0050
87.1000	-0.0080
87.1200	-0.0100
87.1400	-0.0120
87.1600	-0.0150
87.1800	-0.0180
87.2000	-0.0200
87.2200	-0.0220
87.2400	-0.0240
87.2600	-0.0260
87.2800	-0.0270
87.3000	-0.0290
87.3200	-0.0290
87.3400	-0.0300
87.3600	-0.0300
87.3800	-0.0310
87.4000	-0.0300
87.4200	-0.0300
87.4400	-0.0300
87.4600	-0.0290
87.4800	-0.0280
87.5000	-0.0270
87.5200	-0.0250
87.5400	-0.0230
87.5600	-0.0210
87.5800	-0.0190
87.6000	-0.0160
87.6200	-0.0140
87.6400	-0.0120
87.6600	-0.0100
87.6800	-0.0070
87.7000	-0.0030
87.7200	-0.0000
87.7400	0.0030
87.7600	0.0050
87.7800	0.0080
87.8000	0.0110
87.8200	0.0140
87.8400	0.0160
87.8600	0.0190
87.8800	0.0210
87.9000	0.0240
87.9200	0.0250
87.9400	0.0260
87.9600	0.0280
87.9800	0.0290
88.0000	0.0310
88.0200	0.0310
88.0400	0.0310
88.0600	0.0310
88.0800	0.0310
88.1000	0.0310
88.1200	0.0300
88.1400	0.0290
88.1600	0.0280
88.1800	0.0270
88.2000	0.0260
88.2200	0.0240
88.2400	0.0210
88.2600	0.0190
88.2800	0.0170
88.3000	0.0150
88.3200	0.0120
88.3400	0.0090
88.3600	0.0070
88.3800	0.0030
88.4000	0.0010
88.4200	-0.0030
88.4400	-0.0050
88.4600	-0.0080
88.4800	-0.0110
88.5000	-0.0140
88.5200	-0.0150
88.5400	-0.0170
88.5600	-0.0200
88.5800	-0.0220
88.6000	-0.0240
88.6200	-0.0250
88.6400	-0.0280
88.6600	-0.0290
88.6800	-0.0300
88.7000	-0.0300
88.7200	-0.0300
88.7400	-0.0310
88.7600	-0.0300
88.7800	-0.0300
88.8000	-0.0290
88.8200	-0.0290
88.8400	-0.0280
88.8600	-0.0270
88.8800	-0.0260
88.9000	-0.0230
88.9200	-0.0210
88.9400	-0.0190
88.9600	-0.0160
88.9800	-0.0140
89.0000	-0.0110
89.0200	-0.0080
89.0400	-0.0070
89.0600	-0.0040
89.0800	-0.0000
89.1000	0.0030
89.1200	0.0060
89.1400	0.0090
89.1600	0.0110
89.1800	0.0140
89.2000	0.0170
89.2200	0.0190
89.2400	0.0210
89.2600	0.0230
89.2800	0.0250
89.3000	0.0270
89.3200	0.0280
89.3400	0.0290
89.3600	0.0310
89.3800	0.0310
89.4000	0.0310
89.4200	0.0320
89.4400	0.0310
89.4600	0.0300
89.4800	0.0310
89.5000	0.0300
89.5200	0.0280
89.5400	0.0270
89.5600	0.0250
89.5800	0.0240
89.6000	0.0210
89.6200	0.0200
89.6400	0.0170
89.6600	0.0140
89.6800	0.0120
89.7000	0.0090
89.7200	0.0060
89.7400	0.0030
89.7600	0.0010
89.7800	-0.0020
89.8000	-0.0050
89.8200	-0.0080
89.8400	-0.0110
89.8600	-0.0140
89.8800	-0.0160
89.9000	-0.0180
89.9200	-0.0200
89.9400	-0.0220
89.9600	-0.0240
89.9800	-0.0260
90.0000	-0.0270
90.0200	-0.0280
90.0400	-0.0300
90.0600	-0.0300
90.0800	-0.0310
90.1000	-0.0310
90.1200	-0.0300
90.1400	-0.0300
90.1600	-0.0290
90.1800	-0.0280
90.2000	-0.0270
90.2200	-0.0260
90.2400	-0.0250
90.2600	-0.0230
90.2800	-0.0210
90.3000	-0.0190
90.3200	-0.0160
90.3400	-0.0140
90.3600	-0.0110
90.3800	-0.0080
90.4000	-0.0060
90.4200	-0.0030
90.4400	-0.0010
90.4600	0.0030
90.4800	0.0060
90.5000	0.0080
90.5200	0.0120
90.5400	0.0140
90.5600	0.0160
90.5800	0.0190
90.6000	0.0210
90.6200	0.0240
90.6400	0.0250
90.6600	0.0260
90.6800	0.0280
90.7000	0.0290
90.7200	0.0300
90.7400	0.0300
90.7600	0.0320
90.7800	0.0320
90.8000	0.0320
90.8200	0.0310
90.8400	0.0300
90.8600	0.0290
90.8800	0.0280
90.9000	0.0270
90.9200	0.0250
90.9400	0.0230
90.9600	0.0210
90.9800	0.0190
91.0000	0.0170
91.0200	0.0140
91.0400	0.0110
91.0600	0.0080
91.0800	0.0070
91.1000	0.0030
91.1200	0.0010
91.1400	-0.0020
91.1600	-0.0060
91.1800	-0.0080
91.2000	-0.0110
91.2200	-0.0130
91.2400	-0.0160
91.2600	-0.0190
91.2800	-0.0210
91.3000	-0.0230
91.3200	-0.0240
91.3400	-0.0260
91.3600	-0.0270
91.3800	-0.0280
91.4000	-0.0300
91.4200	-0.0300
91.4400	-0.0310
91.4600	-0.0310
91.4800	-0.0310
91.5000	-0.0300
91.5200	-0.0290
91.5400	-0.0280
91.5600	-0.0270
91.5800	-0.0260
91.6000	-0.0240
91.6200	-0.0220
91.6400	-0.0210
91.6600	-0.0190
91.6800	-0.0170
91.7000	-0.0140
91.7200	-0.0110
91.7400	-0.0080
91.7600	-0.0060
91.7800	-0.0020
91.8000	0.0000
91.8200	0.0030
91.8400	0.0050
91.8600	0.0080
91.8800	0.0120
91.9000	0.0140
91.9200	0.0170
91.9400	0.0190
91.9600	0.0210
91.9800	0.0230
92.0000	0.0250
92.0200	0.0270
92.0400	0.0280
92.0600	0.0300
92.0800	0.0310
92.1000	0.0320
92.1200	0.0310
92.1400	0.0310
92.1600	0.0320
92.1800	0.0310
92.2000	0.0310
92.2200	0.0290
92.2400	0.0280
92.2600	0.0260
92.2800	0.0250
92.3000	0.0230
92.3200	0.0210
92.3400	0.0190
92.3600	0.0160
92.3800	0.0130
92.4000	0.0120
92.4200	0.0090
92.4400	0.0060
92.4600	0.0020
92.4800	0.0000
92.5000	-0.0030
92.5200	-0.0050
92.5400	-0.0080
92.5600	-0.0110
92.5800	-0.0130
92.6000	-0.0160
92.6200	-0.0180
92.6400	-0.0210
92.6600	-0.0230
92.6800	-0.0250
92.7000	-0.0270
92.7200	-0.0270
92.7400	-0.0280
92.7600	-0.0290
92.7800	-0.0300
92.8000	-0.0310
92.8200	-0.0300
92.8400	-0.0320
92.8600	-0.0310
92.8800	-0.0300
92.9000	-0.0290
92.9200	-0.0270
92.9400	-0.0250
92.9600	-0.0240
92.9800	-0.0220
93.0000	-0.0200
93.0200	-0.0180
93.0400	-0.0170
93.0600	-0.0140
93.0800	-0.0110
93.1000	-0.0090
93.1200	-0.0050
93.1400	-0.0020
93.1600	0.0000
93.1800	0.0030
93.2000	0.0070
93.2200	0.0090
93.2400	0.0110
93.2600	0.0140
93.2800	0.0180
93.3000	0.0200
93.3200	0.0210
93.3400	0.0230
93.3600	0.0260
93.3800	0.0270
93.4000	0.0290
93.4200	0.0300
93.4400	0.0300
93.4600	0.0310
93.4800	0.0310
93.5000	0.0320
93.5200	0.0310
93.5400	0.0300
93.5600	0.0300
93.5800	0.0290
93.6000	0.0290
93.6200	0.0270
93.6400	0.0240
93.6600	0.0230
93.6800	0.0210
93.7000	0.0190
93.7200	0.0160
93.7400	0.0140
93.7600	0.0110
93.7800	0.0090
93.8000	0.0060
93.8200	0.0030
93.8400	-0.0010
93.8600	-0.0040
93.8800	-0.0060
93.9000	-0.0090
93.9200	-0.0110
93.9400	-0.0140
93.9600	-0.0160
93.9800	-0.0180
94.0000	-0.0210
94.0200	-0.0230
94.0400	-0.0250
94.0600	-0.0270
94.0800	-0.0290
94.1000	-0.0300
94.1200	-0.0290
94.1400	-0.0300
94.1600	-0.0300
94.1800	-0.0300
94.2000	-0.0310
94.2200	-0.0300
94.2400	-0.0300
94.2600	-0.0280
94.2800	-0.0280
94.3000	-0.0260
94.3200	-0.0240
94.3400	-0.0220
94.3600	-0.0200
94.3800	-0.0170
94.4000	-0.0150
94.4200	-0.0130
94.4400	-0.0120
94.4600	-0.0080
94.4800	-0.0050
94.5000	-0.0020
94.5200	0.0010
94.5400	0.0030
94.5600	0.0070
94.5800	0.0090
94.6000	0.0120
94.6200	0.0150
94.6400	0.0170
94.6600	0.0190
94.6800	0.0220
94.7000	0.0250
94.7200	0.0250
94.7400	0.0270
94.7600	0.0280
94.7800	0.0300
94.8000	0.0310
94.8200	0.0310
94.8400	0.0310
94.8600	0.0310
94.8800	0.0310
94.9000	0.0310
94.9200	0.0300
94.9400	0.0290
94.9600	0.0280
94.9800	0.0270
95.0000	0.0250
95.0200	0.0230
95.0400	0.0200
95.0600	0.0180
95.0800	0.0160
95.1000	0.0140
95.1200	0.0110
95.1400	0.0080
95.1600	0.0050
95.1800	0.0020
95.2000	-0.0000
95.2200	-0.0030
95.2400	-0.0070
95.2600	-0.0090
95.2800	-0.0120
95.3000	-0.0140
95.3200	-0.0160
95.3400	-0.0180
95.3600	-0.0200
95.3800	-0.0230
95.4000	-0.0240
95.4200	-0.0260
95.4400	-0.0280
95.4600	-0.0290
95.4800	-0.0300
95.5000	-0.0310
95.5200	-0.0310
95.5400	-0.0310
95.5600	-0.0300
95.5800	-0.0300
95.6000	-0.0290
95.6200	-0.0280
95.6400	-0.0270
95.6600	-0.0260
95.6800	-0.0240
95.7000	-0.0230
95.7200	-0.0200
95.7400	-0.0180
95.7600	-0.0150
95.7800	-0.0130
95.8000	-0.0100
95.8200	-0.0070
95.8400	-0.0050
95.8600	-0.0020
95.8800	0.0010
95.9000	0.0040
95.9200	0.0070
95.9400	0.0090
95.9600	0.0120
95.9800	0.0150
96.0000	0.0180
96.0200	0.0200
96.0400	0.0220
96.0600	0.0240
96.0800	0.0260
96.1000	0.0280
96.1200	0.0280
96.1400	0.0290
96.1600	0.0310
96.1800	0.0310
96.2000	0.0320
96.2200	0.0320
96.2400	0.0310
96.2600	0.0300
96.2800	0.0300
96.3000	0.0300
96.3200	0.0270
96.3400	0.0260
96.3600	0.0250
96.3800	0.0220
96.4000	0.0210
96.4200	0.0180
96.4400	0.0150
96.4600	0.0130
96.4800	0.0100
96.5000	0.0080
96.5200	0.0050
96.5400	0.0030
96.5600	-0.0010
96.5800	-0.0040
96.6000	-0.0070
96.6200	-0.0090
96.6400	-0.0120
96.6600	-0.0150
96.6800	-0.0170
96.7000	-0.0190
96.7200	-0.0210
96.7400	-0.0230
96.7600	-0.0250
96.7800	-0.0260
96.8000	-0.0270
96.8200	-0.0290
96.8400	-0.0300
96.8600	-0.0300
96.8800	-0.0310
96.9000	-0.0310
96.9200	-0.0300
96.9400	-0.0300
96.9600	-0.0290
96.9800	-0.0270
97.0000	-0.0270
97.0200	-0.0250
97.0400	-0.0240
97.0600	-0.0220
97.0800	-0.0200
97.1000	-0.0180
97.1200	-0.0150
97.1400	-0.0130
97.1600	-0.0110
97.1800	-0.0080
97.2000	-0.0050
97.2200	-0.0020
97.2400	0.0010
97.2600	0.0040
97.2800	0.0070
97.3000	0.0100
97.3200	0.0130
97.3400	0.0150
97.3600	0.0180
97.3800	0.0200
97.4000	0.0230
97.4200	0.0240
97.4400	0.0260
97.4600	0.0270
97.4800	0.0290
97.5000	0.0300
97.5200	0.0310
97.5400	0.0310
97.5600	0.0320
97.5800	0.0320
97.6000	0.0320
97.6200	0.0310
97.6400	0.0300
97.6600	0.0280
97.6800	0.0280
97.7000	0.0270
97.7200	0.0240
97.7400	0.0220
97.7600	0.0200
97.7800	0.0180
97.8000	0.0160
97.8200	0.0130
97.8400	0.0100
97.8600	0.0070
97.8800	0.0050
97.9000	0.0020
97.9200	-0.0000
97.9400	-0.0030
97.9600	-0.0060
97.9800	-0.0090
98.0000	-0.0120
98.0200	-0.0140
98.0400	-0.0180
98.0600	-0.0190
98.0800	-0.0220
98.1000	-0.0230
98.1200	-0.0250
98.1400	-0.0260
98.1600	-0.0280
98.1800	-0.0290
98.2000	-0.0290
98.2200	-0.0300
98.2400	-0.0310
98.2600	-0.0310
98.2800	-0.0310
98.3000	-0.0300
98.3200	-0.0290
98.3400	-0.0280
98.3600	-0.0270
98.3800	-0.0250
98.4000	-0.0240
98.4200	-0.0210
98.4400	-0.0200
98.4600	-0.0180
98.4800	-0.0150
98.5000	-0.0130
98.5200	-0.0090
98.5400	-0.0060
98.5600	-0.0040
98.5800	-0.0020
98.6000	0.0010
98.6200	0.0050
98.6400	0.0060
98.6600	0.0100
98.6800	0.0130
98.7000	0.0160
98.7200	0.0180
98.7400	0.0190
98.7600	0.0220
98.7800	0.0240
98.8000	0.0260
98.8200	0.0280
98.8400	0.0290
98.8600	0.0300
98.8800	0.0310
98.9000	0.0320
98.9200	0.0310
98.9400	0.0310
98.9600	0.0310
98.9800	0.0310
99.0000	0.0300
99.0200	0.0290
99.0400	0.0270
99.0600	0.0250
99.0800	0.0250
99.1000	0.0230
99.1200	0.0200
99.1400	0.0180
99.1600	0.0150
99.1800	0.0130
99.2000	0.0100
99.2200	0.0080
99.2400	0.0040
99.2600	0.0010
99.2800	-0.0010
99.3000	-0.0040
99.3200	-0.0070
99.3400	-0.0090
99.3600	-0.0120
99.3800	-0.0150
99.4000	-0.0170
99.4200	-0.0190
99.4400	-0.0220
99.4600	-0.0240
99.4800	-0.0260
99.5000	-0.0270
99.5200	-0.0270
99.5400	-0.0290
99.5600	-0.0300
99.5800	-0.0300
99.6000	-0.0300
99.6200	-0.0300
99.6400	-0.0310
99.6600	-0.0310
99.6800	-0.0300
99.7000	-0.0290
99.7200	-0.0270
99.7400	-0.0250
99.7600	-0.0230
99.7800	-0.0220
99.8000	-0.0190
99.8200	-0.0170
99.8400	-0.0150
99.8600	-0.0130
99.8800	-0.0100
99.9000	-0.0070
99.9200	-0.0040
99.9400	-0.0010
99.9600	0.0020
99.9800	0.0050
100.0000	0.0070
100.0200	0.0100
100.0400	0.0130
100.0600	0.0150
100.0800	0.0190
100.1000	0.0210
100.1200	0.0220
100.1400	0.0240
100.1600	0.0260
100.1800	0.0280
100.2000	0.0290
100.2200	0.0300
100.2400	0.0300
100.2600	0.0310
100.2800	0.0310
100.3000	0.0310
100.3200	0.0300
100.3400	0.0300
100.3600	0.0300
100.3800	0.0290
100.4000	0.0280
100.4200	0.0260
100.4400	0.0240
100.4600	0.0220
100.4800	0.0200
100.5000	0.0180
100.5200	0.0150
100.5400	0.0130
100.5600	0.0100
100.5800	0.0070
100.6000	0.0040
100.6200	0.0020
100.6400	-0.0020
100.6600	-0.0050
100.6800	-0.0080
100.7000	-0.0100
100.7200	-0.0120
100.7400	-0.0150
100.7600	-0.0170
100.7800	-0.0190
100.8000	-0.0210
100.8200	-0.0230
100.8400	-0.0260
100.8600	-0.0270
100.8800	-0.0290
100.9000	-0.0290
100.9200	-0.0290
100.9400	-0.0300
100.9600	-0.0300
100.9800	-0.0300
101.0000	-0.0300
101.0200	-0.0290
101.0400	-0.0300
101.0600	-0.0290
101.0800	-0.0270
101.1000	-0.0250
101.1200	-0.0230
101.1400	-0.0210
101.1600	-0.0190
101.1800	-0.0170
101.2000	-0.0140
101.2200	-0.0120
101.2400	-0.0100
101.2600	-0.0080
101.2800	-0.0040
101.3000	-0.0010
101.3200	0.0020
101.3400	0.0050
101.3600	0.0080
101.3800	0.0110
101.4000	0.0130
101.4200	0.0160
101.4400	0.0180
101.4600	0.0200
101.4800	0.0230
101.5000	0.0250
101.5200	0.0260
101.5400	0.0270
101.5600	0.0290
101.5800	0.0310
101.6000	0.0310
101.6200	0.0310
101.6400	0.0320
101.6600	0.0310
101.6800	0.0320
101.7000	0.0310
101.7200	0.0290
101.7400	0.0290
101.7600	0.0280
101.7800	0.0260
101.8000	0.0250
101.8200	0.0220
101.8400	0.0190
101.8600	0.0170
101.8800	0.0150
101.9000	0.0130
101.9200	0.0100
101.9400	0.0070
101.9600	0.0040
101.9800	0.0010
102.0000	-0.0020
102.0200	-0.0050
102.0400	-0.0080
102.0600	-0.0110
102.0800	-0.0130
102.1000	-0.0160
102.1200	-0.0170
102.1400	-0.0190
102.1600	-0.0210
102.1800	-0.0230
102.2000	-0.0250
102.2200	-0.0270
102.2400	-0.0290
102.2600	-0.0290
102.2800	-0.0310
102.3000	-0.0310
102.3200	-0.0300
102.3400	-0.0310
102.3600	-0.0300
102.3800	-0.0290
102.4000	-0.0290
102.4200	-0.0280
102.4400	-0.0270
102.4600	-0.0250
102.4800	-0.0240
102.5000	-0.0220
102.5200	-0.0180
102.5400	-0.0160
102.5600	-0.0140
102.5800	-0.0120
102.6000	-0.0090
102.6200	-0.0060
102.6400	-0.0040
102.6600	-0.0010
102.6800	0.0020
102.7000	0.0060
102.7200	0.0090
102.7400	0.0110
102.7600	0.0140
102.7800	0.0160
102.8000	0.0180
102.8200	0.0210
102.8400	0.0220
102.8600	0.0240
102.8800	0.0270
