LDM 42E measurement:
Do, 4. Mai 2017
10:26:56
0.0200	0.0180
0.0400	0.0170
0.0600	0.0010
0.0800	0.0010
0.1000	0.0010
0.1200	0.0010
0.1400	0.0010
0.1600	0.0010
0.1800	0.0000
0.2000	0.0000
0.2200	0.0000
0.2400	0.0000
0.2600	0.0000
0.2800	0.0000
0.3000	0.0010
0.3200	0.0010
0.3400	0.0000
0.3600	0.0000
0.3800	0.0000
0.4000	0.0000
0.4200	-0.0010
0.4400	-0.0000
0.4600	0.0000
0.4800	0.0000
0.5000	0.0000
0.5200	0.0010
0.5400	-0.0000
0.5600	0.0000
0.5800	0.0000
0.6000	-0.0000
0.6200	-0.0000
0.6400	-0.0010
0.6600	0.0000
0.6800	-0.0000
0.7000	0.0000
0.7200	-0.0000
0.7400	-0.0000
0.7600	-0.0010
0.7800	-0.0010
0.8000	-0.0010
0.8200	-0.0020
0.8400	-0.0020
0.8600	-0.0020
0.8800	-0.0020
0.9000	-0.0020
0.9200	-0.0020
0.9400	-0.0030
0.9600	-0.0030
0.9800	-0.0030
1.0000	-0.0030
1.0200	-0.0040
1.0400	-0.0040
1.0600	-0.0040
1.0800	-0.0040
1.1000	-0.0030
1.1200	-0.0040
1.1400	-0.0040
1.1600	-0.0040
1.1800	-0.0040
1.2000	-0.0040
1.2200	-0.0050
1.2400	-0.0040
1.2600	-0.0040
1.2800	-0.0040
1.3000	-0.0030
1.3200	-0.0020
1.3400	-0.0020
1.3600	-0.0020
1.3800	-0.0020
1.4000	-0.0020
1.4200	-0.0020
1.4400	-0.0010
1.4600	-0.0000
1.4800	0.0010
1.5000	0.0010
1.5200	0.0020
1.5400	0.0020
1.5600	0.0030
1.5800	0.0030
1.6000	0.0040
1.6200	0.0040
1.6400	0.0050
1.6600	0.0060
1.6800	0.0070
1.7000	0.0070
1.7200	0.0070
1.7400	0.0070
1.7600	0.0080
1.7800	0.0080
1.8000	0.0080
1.8200	0.0080
1.8400	0.0080
1.8600	0.0090
1.8800	0.0090
1.9000	0.0080
1.9200	0.0080
1.9400	0.0080
1.9600	0.0070
1.9800	0.0070
2.0000	0.0070
2.0200	0.0050
2.0400	0.0050
2.0600	0.0050
2.0800	0.0040
2.1000	0.0030
2.1200	0.0020
2.1400	0.0010
2.1600	0.0000
2.1800	-0.0010
2.2000	-0.0020
2.2200	-0.0030
2.2400	-0.0040
2.2600	-0.0040
2.2800	-0.0050
2.3000	-0.0060
2.3200	-0.0060
2.3400	-0.0080
2.3600	-0.0080
2.3800	-0.0090
2.4000	-0.0090
2.4200	-0.0100
2.4400	-0.0110
2.4600	-0.0110
2.4800	-0.0120
2.5000	-0.0100
2.5200	-0.0110
2.5400	-0.0110
2.5600	-0.0110
2.5800	-0.0110
2.6000	-0.0110
2.6200	-0.0110
2.6400	-0.0110
2.6600	-0.0100
2.6800	-0.0090
2.7000	-0.0080
2.7200	-0.0070
2.7400	-0.0070
2.7600	-0.0060
2.7800	-0.0040
2.8000	-0.0030
2.8200	-0.0030
2.8400	-0.0010
2.8600	0.0000
2.8800	0.0020
2.9000	0.0030
2.9200	0.0040
2.9400	0.0050
2.9600	0.0060
2.9800	0.0080
3.0000	0.0090
3.0200	0.0090
3.0400	0.0100
3.0600	0.0120
3.0800	0.0130
3.1000	0.0140
3.1200	0.0140
3.1400	0.0150
3.1600	0.0150
3.1800	0.0150
3.2000	0.0160
3.2200	0.0150
3.2400	0.0150
3.2600	0.0150
3.2800	0.0150
3.3000	0.0140
3.3200	0.0130
3.3400	0.0120
3.3600	0.0120
3.3800	0.0100
3.4000	0.0100
3.4200	0.0080
3.4400	0.0070
3.4600	0.0060
3.4800	0.0050
3.5000	0.0040
3.5200	0.0020
3.5400	-0.0000
3.5600	-0.0010
3.5800	-0.0030
3.6000	-0.0040
3.6200	-0.0070
3.6400	-0.0080
3.6600	-0.0090
3.6800	-0.0100
3.7000	-0.0110
3.7200	-0.0120
3.7400	-0.0130
3.7600	-0.0140
3.7800	-0.0150
3.8000	-0.0160
3.8200	-0.0170
3.8400	-0.0180
3.8600	-0.0180
3.8800	-0.0180
3.9000	-0.0170
3.9200	-0.0170
3.9400	-0.0170
3.9600	-0.0170
3.9800	-0.0160
4.0000	-0.0160
4.0200	-0.0150
4.0400	-0.0140
4.0600	-0.0130
4.0800	-0.0120
4.1000	-0.0100
4.1200	-0.0080
4.1400	-0.0070
4.1600	-0.0050
4.1800	-0.0040
4.2000	-0.0020
4.2200	-0.0010
4.2400	0.0010
4.2600	0.0030
4.2800	0.0060
4.3000	0.0070
4.3200	0.0090
4.3400	0.0100
4.3600	0.0120
4.3800	0.0130
4.4000	0.0150
4.4200	0.0160
4.4400	0.0170
4.4600	0.0180
4.4800	0.0190
4.5000	0.0200
4.5200	0.0200
4.5400	0.0200
4.5600	0.0210
4.5800	0.0210
4.6000	0.0210
4.6200	0.0200
4.6400	0.0190
4.6600	0.0190
4.6800	0.0190
4.7000	0.0170
4.7200	0.0160
4.7400	0.0150
4.7600	0.0130
4.7800	0.0120
4.8000	0.0100
4.8200	0.0080
4.8400	0.0060
4.8600	0.0040
4.8800	0.0030
4.9000	0.0010
4.9200	-0.0010
4.9400	-0.0030
4.9600	-0.0050
4.9800	-0.0070
5.0000	-0.0090
5.0200	-0.0110
5.0400	-0.0130
5.0600	-0.0140
5.0800	-0.0160
5.1000	-0.0160
5.1200	-0.0180
5.1400	-0.0190
5.1600	-0.0200
5.1800	-0.0210
5.2000	-0.0210
5.2200	-0.0220
5.2400	-0.0220
5.2600	-0.0220
5.2800	-0.0220
5.3000	-0.0210
5.3200	-0.0210
5.3400	-0.0190
5.3600	-0.0200
5.3800	-0.0180
5.4000	-0.0170
5.4200	-0.0160
5.4400	-0.0140
5.4600	-0.0130
5.4800	-0.0110
5.5000	-0.0080
5.5200	-0.0060
5.5400	-0.0040
5.5600	-0.0030
5.5800	-0.0010
5.6000	0.0010
5.6200	0.0030
5.6400	0.0050
5.6600	0.0090
5.6800	0.0110
5.7000	0.0120
5.7200	0.0140
5.7400	0.0160
5.7600	0.0180
5.7800	0.0190
5.8000	0.0210
5.8200	0.0220
5.8400	0.0220
5.8600	0.0240
5.8800	0.0240
5.9000	0.0240
5.9200	0.0250
5.9400	0.0250
5.9600	0.0250
5.9800	0.0240
6.0000	0.0230
6.0200	0.0220
6.0400	0.0210
6.0600	0.0200
6.0800	0.0190
6.1000	0.0170
6.1200	0.0150
6.1400	0.0130
6.1600	0.0120
6.1800	0.0090
6.2000	0.0070
6.2200	0.0040
6.2400	0.0020
6.2600	0.0010
6.2800	-0.0020
6.3000	-0.0040
6.3200	-0.0060
6.3400	-0.0080
6.3600	-0.0100
6.3800	-0.0130
6.4000	-0.0140
6.4200	-0.0170
6.4400	-0.0190
6.4600	-0.0200
6.4800	-0.0210
6.5000	-0.0220
6.5200	-0.0230
6.5400	-0.0230
6.5600	-0.0240
6.5800	-0.0250
6.6000	-0.0250
6.6200	-0.0250
6.6400	-0.0250
6.6600	-0.0250
6.6800	-0.0240
6.7000	-0.0220
6.7200	-0.0210
6.7400	-0.0200
6.7600	-0.0190
6.7800	-0.0170
6.8000	-0.0150
6.8200	-0.0140
6.8400	-0.0120
6.8600	-0.0100
6.8800	-0.0070
6.9000	-0.0040
6.9200	-0.0020
6.9400	-0.0000
6.9600	0.0030
6.9800	0.0050
7.0000	0.0070
7.0200	0.0090
7.0400	0.0120
7.0600	0.0140
7.0800	0.0160
7.1000	0.0180
7.1200	0.0190
7.1400	0.0220
7.1600	0.0230
7.1800	0.0240
7.2000	0.0250
7.2200	0.0260
7.2400	0.0260
7.2600	0.0270
7.2800	0.0270
7.3000	0.0260
7.3200	0.0260
7.3400	0.0260
7.3600	0.0250
7.3800	0.0240
7.4000	0.0230
7.4200	0.0210
7.4400	0.0190
7.4600	0.0180
7.4800	0.0170
7.5000	0.0140
7.5200	0.0120
7.5400	0.0100
7.5600	0.0070
7.5800	0.0040
7.6000	0.0020
7.6200	-0.0010
7.6400	-0.0030
7.6600	-0.0050
7.6800	-0.0080
7.7000	-0.0090
7.7200	-0.0110
7.7400	-0.0140
7.7600	-0.0160
7.7800	-0.0180
7.8000	-0.0200
7.8200	-0.0220
7.8400	-0.0230
7.8600	-0.0240
7.8800	-0.0260
7.9000	-0.0250
7.9200	-0.0260
7.9400	-0.0260
7.9600	-0.0260
7.9800	-0.0260
8.0000	-0.0260
8.0200	-0.0260
8.0400	-0.0250
8.0600	-0.0240
8.0800	-0.0230
8.1000	-0.0210
8.1200	-0.0180
8.1400	-0.0170
8.1600	-0.0160
8.1800	-0.0140
8.2000	-0.0120
8.2200	-0.0100
8.2400	-0.0070
8.2600	-0.0040
8.2800	-0.0020
8.3000	0.0010
8.3200	0.0040
8.3400	0.0060
8.3600	0.0080
8.3800	0.0110
8.4000	0.0130
8.4200	0.0150
8.4400	0.0170
8.4600	0.0200
8.4800	0.0210
8.5000	0.0220
8.5200	0.0240
8.5400	0.0250
8.5600	0.0260
8.5800	0.0280
8.6000	0.0280
8.6200	0.0270
8.6400	0.0270
8.6600	0.0280
8.6800	0.0270
8.7000	0.0260
8.7200	0.0250
8.7400	0.0240
8.7600	0.0230
8.7800	0.0220
8.8000	0.0190
8.8200	0.0170
8.8400	0.0150
8.8600	0.0140
8.8800	0.0110
8.9000	0.0090
8.9200	0.0070
8.9400	0.0040
8.9600	0.0010
8.9800	-0.0010
9.0000	-0.0040
9.0200	-0.0070
9.0400	-0.0090
9.0600	-0.0110
9.0800	-0.0140
9.1000	-0.0150
9.1200	-0.0160
9.1400	-0.0180
9.1600	-0.0200
9.1800	-0.0220
9.2000	-0.0230
9.2200	-0.0250
9.2400	-0.0250
9.2600	-0.0270
9.2800	-0.0270
9.3000	-0.0260
9.3200	-0.0270
9.3400	-0.0260
9.3600	-0.0260
9.3800	-0.0250
9.4000	-0.0240
9.4200	-0.0240
9.4400	-0.0220
9.4600	-0.0210
9.4800	-0.0190
9.5000	-0.0160
9.5200	-0.0140
9.5400	-0.0120
9.5600	-0.0100
9.5800	-0.0080
9.6000	-0.0060
9.6200	-0.0040
9.6400	-0.0010
9.6600	0.0020
9.6800	0.0050
9.7000	0.0070
9.7200	0.0100
9.7400	0.0120
9.7600	0.0140
9.7800	0.0170
9.8000	0.0190
9.8200	0.0190
9.8400	0.0210
9.8600	0.0230
9.8800	0.0240
9.9000	0.0250
9.9200	0.0260
9.9400	0.0270
9.9600	0.0270
9.9800	0.0270
10.0000	0.0270
10.0200	0.0270
10.0400	0.0260
10.0600	0.0250
10.0800	0.0250
10.1000	0.0220
10.1200	0.0210
10.1400	0.0200
10.1600	0.0180
10.1800	0.0160
10.2000	0.0140
10.2200	0.0110
10.2400	0.0090
10.2600	0.0070
10.2800	0.0050
10.3000	0.0020
10.3200	0.0000
10.3400	-0.0030
10.3600	-0.0050
10.3800	-0.0070
10.4000	-0.0100
10.4200	-0.0130
10.4400	-0.0150
10.4600	-0.0160
10.4800	-0.0180
10.5000	-0.0190
10.5200	-0.0210
10.5400	-0.0220
10.5600	-0.0230
10.5800	-0.0240
10.6000	-0.0250
10.6200	-0.0260
10.6400	-0.0260
10.6600	-0.0260
10.6800	-0.0260
10.7000	-0.0250
10.7200	-0.0240
10.7400	-0.0230
10.7600	-0.0220
10.7800	-0.0210
10.8000	-0.0200
10.8200	-0.0190
10.8400	-0.0170
10.8600	-0.0150
10.8800	-0.0130
10.9000	-0.0090
10.9200	-0.0070
10.9400	-0.0060
10.9600	-0.0030
10.9800	-0.0010
11.0000	0.0020
11.0200	0.0040
11.0400	0.0060
11.0600	0.0090
11.0800	0.0110
11.1000	0.0130
11.1200	0.0150
11.1400	0.0170
11.1600	0.0180
11.1800	0.0200
11.2000	0.0220
11.2200	0.0220
11.2400	0.0230
11.2600	0.0250
11.2800	0.0250
11.3000	0.0250
11.3200	0.0250
11.3400	0.0250
11.3600	0.0250
11.3800	0.0250
11.4000	0.0240
11.4200	0.0230
11.4400	0.0210
11.4600	0.0210
11.4800	0.0190
11.5000	0.0170
11.5200	0.0150
11.5400	0.0130
11.5600	0.0110
11.5800	0.0090
11.6000	0.0070
11.6200	0.0040
11.6400	0.0020
11.6600	-0.0000
11.6800	-0.0020
11.7000	-0.0040
11.7200	-0.0060
11.7400	-0.0090
11.7600	-0.0110
11.7800	-0.0130
11.8000	-0.0150
11.8200	-0.0170
11.8400	-0.0190
11.8600	-0.0200
11.8800	-0.0210
11.9000	-0.0210
11.9200	-0.0220
11.9400	-0.0230
11.9600	-0.0230
11.9800	-0.0230
12.0000	-0.0240
12.0200	-0.0240
12.0400	-0.0230
12.0600	-0.0230
12.0800	-0.0220
12.1000	-0.0200
12.1200	-0.0190
12.1400	-0.0180
12.1600	-0.0160
12.1800	-0.0150
12.2000	-0.0130
12.2200	-0.0120
12.2400	-0.0100
12.2600	-0.0070
12.2800	-0.0050
12.3000	-0.0020
12.3200	-0.0000
12.3400	0.0020
12.3600	0.0030
12.3800	0.0060
12.4000	0.0080
12.4200	0.0100
12.4400	0.0120
12.4600	0.0150
12.4800	0.0160
12.5000	0.0170
12.5200	0.0180
12.5400	0.0190
12.5600	0.0210
12.5800	0.0220
12.6000	0.0230
12.6200	0.0220
12.6400	0.0230
12.6600	0.0230
12.6800	0.0240
12.7000	0.0220
12.7200	0.0220
12.7400	0.0220
12.7600	0.0210
12.7800	0.0200
12.8000	0.0180
12.8200	0.0160
12.8400	0.0150
12.8600	0.0140
12.8800	0.0120
12.9000	0.0100
12.9200	0.0080
12.9400	0.0060
12.9600	0.0040
12.9800	0.0020
13.0000	-0.0010
13.0200	-0.0030
13.0400	-0.0050
13.0600	-0.0070
13.0800	-0.0090
13.1000	-0.0100
13.1200	-0.0120
13.1400	-0.0140
13.1600	-0.0150
13.1800	-0.0160
13.2000	-0.0180
13.2200	-0.0190
13.2400	-0.0200
13.2600	-0.0210
13.2800	-0.0220
13.3000	-0.0210
13.3200	-0.0210
13.3400	-0.0210
13.3600	-0.0210
13.3800	-0.0200
13.4000	-0.0200
13.4200	-0.0200
13.4400	-0.0190
13.4600	-0.0170
13.4800	-0.0160
13.5000	-0.0140
13.5200	-0.0120
13.5400	-0.0110
13.5600	-0.0090
13.5800	-0.0070
13.6000	-0.0060
13.6200	-0.0040
13.6400	-0.0020
13.6600	0.0010
13.6800	0.0030
13.7000	0.0040
13.7200	0.0070
13.7400	0.0080
13.7600	0.0090
13.7800	0.0120
13.8000	0.0130
13.8200	0.0140
13.8400	0.0160
13.8600	0.0170
13.8800	0.0180
13.9000	0.0190
13.9200	0.0200
13.9400	0.0200
13.9600	0.0210
13.9800	0.0210
14.0000	0.0210
14.0200	0.0200
14.0400	0.0200
14.0600	0.0190
14.0800	0.0190
14.1000	0.0180
14.1200	0.0170
14.1400	0.0160
14.1600	0.0140
14.1800	0.0130
14.2000	0.0110
14.2200	0.0090
14.2400	0.0080
14.2600	0.0060
14.2800	0.0040
14.3000	0.0020
14.3200	0.0010
14.3400	-0.0010
14.3600	-0.0030
14.3800	-0.0050
14.4000	-0.0070
14.4200	-0.0100
14.4400	-0.0100
14.4600	-0.0120
14.4800	-0.0130
14.5000	-0.0140
14.5200	-0.0150
14.5400	-0.0160
14.5600	-0.0170
14.5800	-0.0180
14.6000	-0.0180
14.6200	-0.0190
14.6400	-0.0190
14.6600	-0.0190
14.6800	-0.0190
14.7000	-0.0170
14.7200	-0.0170
14.7400	-0.0170
14.7600	-0.0160
14.7800	-0.0150
14.8000	-0.0140
14.8200	-0.0130
14.8400	-0.0120
14.8600	-0.0100
14.8800	-0.0080
14.9000	-0.0060
14.9200	-0.0040
14.9400	-0.0040
14.9600	-0.0010
14.9800	0.0000
15.0000	0.0020
15.0200	0.0030
15.0400	0.0050
15.0600	0.0070
15.0800	0.0090
15.1000	0.0100
15.1200	0.0110
15.1400	0.0130
15.1600	0.0140
15.1800	0.0150
15.2000	0.0160
15.2200	0.0160
15.2400	0.0160
15.2600	0.0180
15.2800	0.0180
15.3000	0.0180
15.3200	0.0180
15.3400	0.0180
15.3600	0.0180
15.3800	0.0170
15.4000	0.0160
15.4200	0.0140
15.4400	0.0140
15.4600	0.0130
15.4800	0.0120
15.5000	0.0110
15.5200	0.0100
15.5400	0.0080
15.5600	0.0060
15.5800	0.0050
15.6000	0.0030
15.6200	0.0010
15.6400	-0.0000
15.6600	-0.0020
15.6800	-0.0030
15.7000	-0.0040
15.7200	-0.0060
15.7400	-0.0070
15.7600	-0.0090
15.7800	-0.0100
15.8000	-0.0120
15.8200	-0.0130
15.8400	-0.0140
15.8600	-0.0150
15.8800	-0.0150
15.9000	-0.0150
15.9200	-0.0160
15.9400	-0.0160
15.9600	-0.0160
15.9800	-0.0160
16.0000	-0.0160
16.0200	-0.0160
16.0400	-0.0150
16.0600	-0.0150
16.0800	-0.0140
16.1000	-0.0120
16.1200	-0.0110
16.1400	-0.0100
16.1600	-0.0090
16.1800	-0.0080
16.2000	-0.0060
16.2200	-0.0050
16.2400	-0.0040
16.2600	-0.0020
16.2800	-0.0000
16.3000	0.0020
16.3200	0.0030
16.3400	0.0040
16.3600	0.0050
16.3800	0.0070
16.4000	0.0080
16.4200	0.0090
16.4400	0.0110
16.4600	0.0120
16.4800	0.0130
16.5000	0.0140
16.5200	0.0150
16.5400	0.0150
16.5600	0.0160
16.5800	0.0160
16.6000	0.0160
16.6200	0.0150
16.6400	0.0150
16.6600	0.0150
16.6800	0.0150
16.7000	0.0140
16.7200	0.0140
16.7400	0.0130
16.7600	0.0120
16.7800	0.0110
16.8000	0.0090
16.8200	0.0080
16.8400	0.0070
16.8600	0.0060
16.8800	0.0040
16.9000	0.0030
16.9200	0.0020
16.9400	-0.0000
16.9600	-0.0010
16.9800	-0.0030
17.0000	-0.0040
17.0200	-0.0060
17.0400	-0.0080
17.0600	-0.0090
17.0800	-0.0100
17.1000	-0.0100
17.1200	-0.0110
17.1400	-0.0120
17.1600	-0.0130
17.1800	-0.0140
17.2000	-0.0140
17.2200	-0.0150
17.2400	-0.0150
17.2600	-0.0150
17.2800	-0.0150
17.3000	-0.0140
17.3200	-0.0140
17.3400	-0.0130
17.3600	-0.0120
17.3800	-0.0120
17.4000	-0.0110
17.4200	-0.0100
17.4400	-0.0100
17.4600	-0.0080
17.4800	-0.0070
17.5000	-0.0050
17.5200	-0.0040
17.5400	-0.0030
17.5600	-0.0010
17.5800	-0.0000
17.6000	0.0020
17.6200	0.0020
17.6400	0.0040
17.6600	0.0060
17.6800	0.0070
17.7000	0.0080
17.7200	0.0090
17.7400	0.0100
17.7600	0.0110
17.7800	0.0120
17.8000	0.0130
17.8200	0.0130
17.8400	0.0130
17.8600	0.0150
17.8800	0.0150
17.9000	0.0140
17.9200	0.0140
17.9400	0.0140
17.9600	0.0140
17.9800	0.0140
18.0000	0.0130
18.0200	0.0120
18.0400	0.0110
18.0600	0.0100
18.0800	0.0100
18.1000	0.0090
18.1200	0.0070
18.1400	0.0060
18.1600	0.0050
18.1800	0.0040
18.2000	0.0020
18.2200	0.0000
18.2400	-0.0010
18.2600	-0.0020
18.2800	-0.0030
18.3000	-0.0040
18.3200	-0.0050
18.3400	-0.0070
18.3600	-0.0080
18.3800	-0.0090
18.4000	-0.0100
18.4200	-0.0120
18.4400	-0.0120
18.4600	-0.0130
18.4800	-0.0140
18.5000	-0.0130
18.5200	-0.0130
18.5400	-0.0130
18.5600	-0.0140
18.5800	-0.0140
18.6000	-0.0130
18.6200	-0.0130
18.6400	-0.0130
18.6600	-0.0120
18.6800	-0.0110
18.7000	-0.0090
18.7200	-0.0090
18.7400	-0.0080
18.7600	-0.0080
18.7800	-0.0060
18.8000	-0.0050
18.8200	-0.0040
18.8400	-0.0030
18.8600	-0.0000
18.8800	0.0010
18.9000	0.0020
18.9200	0.0040
18.9400	0.0050
18.9600	0.0060
18.9800	0.0070
19.0000	0.0090
19.0200	0.0090
19.0400	0.0100
19.0600	0.0120
19.0800	0.0120
19.1000	0.0120
19.1200	0.0130
19.1400	0.0140
19.1600	0.0140
19.1800	0.0140
19.2000	0.0150
19.2200	0.0140
19.2400	0.0140
19.2600	0.0140
19.2800	0.0130
19.3000	0.0130
19.3200	0.0110
19.3400	0.0110
19.3600	0.0100
19.3800	0.0090
19.4000	0.0080
19.4200	0.0060
19.4400	0.0050
19.4600	0.0040
19.4800	0.0030
19.5000	0.0020
19.5200	0.0000
19.5400	-0.0010
19.5600	-0.0030
19.5800	-0.0040
19.6000	-0.0050
19.6200	-0.0070
19.6400	-0.0080
19.6600	-0.0090
19.6800	-0.0100
19.7000	-0.0100
19.7200	-0.0110
19.7400	-0.0120
19.7600	-0.0130
19.7800	-0.0130
19.8000	-0.0140
19.8200	-0.0140
19.8400	-0.0150
19.8600	-0.0140
19.8800	-0.0140
19.9000	-0.0130
19.9200	-0.0120
19.9400	-0.0120
19.9600	-0.0120
19.9800	-0.0110
20.0000	-0.0100
20.0200	-0.0100
20.0400	-0.0090
20.0600	-0.0070
20.0800	-0.0060
20.1000	-0.0040
20.1200	-0.0020
20.1400	-0.0010
20.1600	0.0000
20.1800	0.0010
20.2000	0.0030
20.2200	0.0040
20.2400	0.0050
20.2600	0.0070
20.2800	0.0080
20.3000	0.0100
20.3200	0.0100
20.3400	0.0120
20.3600	0.0120
20.3800	0.0130
20.4000	0.0130
20.4200	0.0130
20.4400	0.0140
20.4600	0.0150
20.4800	0.0150
20.5000	0.0150
20.5200	0.0150
20.5400	0.0150
20.5600	0.0140
20.5800	0.0140
20.6000	0.0130
20.6200	0.0120
20.6400	0.0110
20.6600	0.0100
20.6800	0.0090
20.7000	0.0080
20.7200	0.0080
20.7400	0.0050
20.7600	0.0040
20.7800	0.0020
20.8000	0.0010
20.8200	-0.0010
20.8400	-0.0020
20.8600	-0.0030
20.8800	-0.0050
20.9000	-0.0050
20.9200	-0.0060
20.9400	-0.0090
20.9600	-0.0100
20.9800	-0.0100
21.0000	-0.0120
21.0200	-0.0130
21.0400	-0.0140
21.0600	-0.0140
21.0800	-0.0150
21.1000	-0.0140
21.1200	-0.0140
21.1400	-0.0150
21.1600	-0.0140
21.1800	-0.0150
21.2000	-0.0140
21.2200	-0.0140
21.2400	-0.0140
21.2600	-0.0130
21.2800	-0.0120
21.3000	-0.0100
21.3200	-0.0090
21.3400	-0.0080
21.3600	-0.0070
21.3800	-0.0060
21.4000	-0.0050
21.4200	-0.0040
21.4400	-0.0020
21.4600	-0.0000
21.4800	0.0010
21.5000	0.0030
21.5200	0.0050
21.5400	0.0060
21.5600	0.0070
21.5800	0.0090
21.6000	0.0100
21.6200	0.0110
21.6400	0.0120
21.6600	0.0130
21.6800	0.0140
21.7000	0.0140
21.7200	0.0150
21.7400	0.0150
21.7600	0.0160
21.7800	0.0160
21.8000	0.0160
21.8200	0.0160
21.8400	0.0160
21.8600	0.0160
21.8800	0.0150
21.9000	0.0140
21.9200	0.0130
21.9400	0.0120
21.9600	0.0110
21.9800	0.0100
22.0000	0.0090
22.0200	0.0070
22.0400	0.0060
22.0600	0.0040
22.0800	0.0030
22.1000	0.0020
22.1200	0.0010
22.1400	-0.0010
22.1600	-0.0030
22.1800	-0.0050
22.2000	-0.0050
22.2200	-0.0080
22.2400	-0.0100
22.2600	-0.0100
22.2800	-0.0110
22.3000	-0.0110
22.3200	-0.0130
22.3400	-0.0140
22.3600	-0.0150
22.3800	-0.0150
22.4000	-0.0160
22.4200	-0.0170
22.4400	-0.0160
22.4600	-0.0160
22.4800	-0.0160
22.5000	-0.0150
22.5200	-0.0150
22.5400	-0.0150
22.5600	-0.0140
22.5800	-0.0130
22.6000	-0.0120
22.6200	-0.0110
22.6400	-0.0110
22.6600	-0.0090
22.6800	-0.0070
22.7000	-0.0050
22.7200	-0.0040
22.7400	-0.0030
22.7600	-0.0010
22.7800	0.0010
22.8000	0.0020
22.8200	0.0030
22.8400	0.0050
22.8600	0.0070
22.8800	0.0090
22.9000	0.0100
22.9200	0.0110
22.9400	0.0130
22.9600	0.0130
22.9800	0.0150
23.0000	0.0160
23.0200	0.0160
23.0400	0.0160
23.0600	0.0170
23.0800	0.0180
23.1000	0.0180
23.1200	0.0170
23.1400	0.0180
23.1600	0.0170
23.1800	0.0170
23.2000	0.0160
23.2200	0.0150
23.2400	0.0130
23.2600	0.0140
23.2800	0.0120
23.3000	0.0110
23.3200	0.0090
23.3400	0.0080
23.3600	0.0060
23.3800	0.0050
23.4000	0.0030
23.4200	0.0010
23.4400	-0.0010
23.4600	-0.0020
23.4800	-0.0040
23.5000	-0.0050
23.5200	-0.0060
23.5400	-0.0090
23.5600	-0.0090
23.5800	-0.0110
23.6000	-0.0120
23.6200	-0.0140
23.6400	-0.0150
23.6600	-0.0160
23.6800	-0.0160
23.7000	-0.0160
23.7200	-0.0170
23.7400	-0.0170
23.7600	-0.0170
23.7800	-0.0170
23.8000	-0.0170
23.8200	-0.0170
23.8400	-0.0160
23.8600	-0.0160
23.8800	-0.0150
23.9000	-0.0140
23.9200	-0.0120
23.9400	-0.0120
23.9600	-0.0100
23.9800	-0.0090
24.0000	-0.0080
24.0200	-0.0070
24.0400	-0.0050
24.0600	-0.0030
24.0800	-0.0010
24.1000	0.0010
24.1200	0.0030
24.1400	0.0040
24.1600	0.0060
24.1800	0.0070
24.2000	0.0090
24.2200	0.0100
24.2400	0.0120
24.2600	0.0140
24.2800	0.0150
24.3000	0.0150
24.3200	0.0160
24.3400	0.0170
24.3600	0.0180
24.3800	0.0190
24.4000	0.0190
24.4200	0.0180
24.4400	0.0180
24.4600	0.0190
24.4800	0.0180
24.5000	0.0170
24.5200	0.0170
24.5400	0.0160
24.5600	0.0150
24.5800	0.0140
24.6000	0.0130
24.6200	0.0110
24.6400	0.0090
24.6600	0.0090
24.6800	0.0060
24.7000	0.0060
24.7200	0.0030
24.7400	0.0020
24.7600	-0.0010
24.7800	-0.0020
24.8000	-0.0040
24.8200	-0.0060
24.8400	-0.0080
24.8600	-0.0090
24.8800	-0.0110
24.9000	-0.0110
24.9200	-0.0120
24.9400	-0.0140
24.9600	-0.0150
24.9800	-0.0160
25.0000	-0.0170
25.0200	-0.0180
25.0400	-0.0190
25.0600	-0.0190
25.0800	-0.0190
25.1000	-0.0180
25.1200	-0.0180
25.1400	-0.0180
25.1600	-0.0170
25.1800	-0.0170
25.2000	-0.0160
25.2200	-0.0150
25.2400	-0.0140
25.2600	-0.0130
25.2800	-0.0110
25.3000	-0.0090
25.3200	-0.0070
25.3400	-0.0070
25.3600	-0.0050
25.3800	-0.0030
25.4000	-0.0010
25.4200	-0.0000
25.4400	0.0020
25.4600	0.0050
25.4800	0.0060
25.5000	0.0080
25.5200	0.0090
25.5400	0.0110
25.5600	0.0120
25.5800	0.0140
25.6000	0.0150
25.6200	0.0160
25.6400	0.0160
25.6600	0.0180
25.6800	0.0190
25.7000	0.0190
25.7200	0.0190
25.7400	0.0200
25.7600	0.0190
25.7800	0.0190
25.8000	0.0190
25.8200	0.0180
25.8400	0.0170
25.8600	0.0170
25.8800	0.0160
25.9000	0.0150
25.9200	0.0140
25.9400	0.0120
25.9600	0.0100
25.9800	0.0090
26.0000	0.0070
26.0200	0.0050
26.0400	0.0030
26.0600	0.0020
26.0800	0.0000
26.1000	-0.0010
26.1200	-0.0030
26.1400	-0.0050
26.1600	-0.0070
26.1800	-0.0090
26.2000	-0.0100
26.2200	-0.0120
26.2400	-0.0130
26.2600	-0.0150
26.2800	-0.0160
26.3000	-0.0160
26.3200	-0.0170
26.3400	-0.0180
26.3600	-0.0180
26.3800	-0.0190
26.4000	-0.0190
26.4200	-0.0200
26.4400	-0.0200
26.4600	-0.0190
26.4800	-0.0180
26.5000	-0.0170
26.5200	-0.0160
26.5400	-0.0160
26.5600	-0.0140
26.5800	-0.0130
26.6000	-0.0120
26.6200	-0.0110
26.6400	-0.0090
26.6600	-0.0080
26.6800	-0.0060
26.7000	-0.0030
26.7200	-0.0010
26.7400	0.0000
26.7600	0.0020
26.7800	0.0040
26.8000	0.0050
26.8200	0.0070
26.8400	0.0090
26.8600	0.0110
26.8800	0.0130
26.9000	0.0140
26.9200	0.0150
26.9400	0.0170
26.9600	0.0170
26.9800	0.0180
27.0000	0.0190
27.0200	0.0190
27.0400	0.0190
27.0600	0.0210
27.0800	0.0210
27.1000	0.0200
27.1200	0.0190
27.1400	0.0190
27.1600	0.0180
27.1800	0.0180
27.2000	0.0160
27.2200	0.0150
27.2400	0.0130
27.2600	0.0130
27.2800	0.0110
27.3000	0.0100
27.3200	0.0080
27.3400	0.0060
27.3600	0.0040
27.3800	0.0020
27.4000	0.0010
27.4200	-0.0020
27.4400	-0.0040
27.4600	-0.0050
27.4800	-0.0070
27.5000	-0.0080
27.5200	-0.0100
27.5400	-0.0120
27.5600	-0.0130
27.5800	-0.0140
27.6000	-0.0150
27.6200	-0.0170
27.6400	-0.0180
27.6600	-0.0190
27.6800	-0.0190
27.7000	-0.0190
27.7200	-0.0190
27.7400	-0.0190
27.7600	-0.0190
27.7800	-0.0190
27.8000	-0.0190
27.8200	-0.0180
27.8400	-0.0180
27.8600	-0.0170
27.8800	-0.0150
27.9000	-0.0130
27.9200	-0.0120
27.9400	-0.0110
27.9600	-0.0090
27.9800	-0.0080
28.0000	-0.0060
28.0200	-0.0040
28.0400	-0.0030
28.0600	-0.0000
28.0800	0.0020
28.1000	0.0030
28.1200	0.0060
28.1400	0.0070
28.1600	0.0080
28.1800	0.0110
28.2000	0.0120
28.2200	0.0130
28.2400	0.0150
28.2600	0.0160
28.2800	0.0170
28.3000	0.0180
28.3200	0.0180
28.3400	0.0200
28.3600	0.0200
28.3800	0.0200
28.4000	0.0200
28.4200	0.0200
28.4400	0.0200
28.4600	0.0200
28.4800	0.0180
28.5000	0.0180
28.5200	0.0160
28.5400	0.0160
28.5600	0.0140
28.5800	0.0130
28.6000	0.0110
28.6200	0.0100
28.6400	0.0070
28.6600	0.0070
28.6800	0.0050
28.7000	0.0030
28.7200	0.0020
28.7400	-0.0010
28.7600	-0.0030
28.7800	-0.0050
28.8000	-0.0070
28.8200	-0.0090
28.8400	-0.0100
28.8600	-0.0110
28.8800	-0.0130
28.9000	-0.0130
28.9200	-0.0140
28.9400	-0.0160
28.9600	-0.0170
28.9800	-0.0180
29.0000	-0.0180
29.0200	-0.0200
29.0400	-0.0200
29.0600	-0.0200
29.0800	-0.0200
29.1000	-0.0190
29.1200	-0.0180
29.1400	-0.0180
29.1600	-0.0180
29.1800	-0.0160
29.2000	-0.0150
29.2200	-0.0140
29.2400	-0.0130
29.2600	-0.0110
29.2800	-0.0100
29.3000	-0.0070
29.3200	-0.0060
29.3400	-0.0040
29.3600	-0.0020
29.3800	-0.0010
29.4000	0.0010
29.4200	0.0030
29.4400	0.0040
29.4600	0.0070
29.4800	0.0090
29.5000	0.0100
29.5200	0.0120
29.5400	0.0130
29.5600	0.0150
29.5800	0.0160
29.6000	0.0170
29.6200	0.0170
29.6400	0.0180
29.6600	0.0190
29.6800	0.0200
29.7000	0.0190
29.7200	0.0190
29.7400	0.0200
29.7600	0.0190
29.7800	0.0190
29.8000	0.0190
29.8200	0.0170
29.8400	0.0160
29.8600	0.0160
29.8800	0.0150
29.9000	0.0130
29.9200	0.0120
29.9400	0.0100
29.9600	0.0080
29.9800	0.0070
30.0000	0.0050
30.0200	0.0030
30.0400	0.0010
30.0600	-0.0000
30.0800	-0.0030
30.1000	-0.0040
30.1200	-0.0060
30.1400	-0.0080
30.1600	-0.0090
30.1800	-0.0110
30.2000	-0.0120
30.2200	-0.0140
30.2400	-0.0150
30.2600	-0.0160
30.2800	-0.0170
30.3000	-0.0170
30.3200	-0.0180
30.3400	-0.0180
30.3600	-0.0190
30.3800	-0.0190
30.4000	-0.0190
30.4200	-0.0200
30.4400	-0.0180
30.4600	-0.0180
30.4800	-0.0170
30.5000	-0.0150
30.5200	-0.0140
30.5400	-0.0130
30.5600	-0.0120
30.5800	-0.0110
30.6000	-0.0100
30.6200	-0.0080
30.6400	-0.0070
30.6600	-0.0050
30.6800	-0.0030
30.7000	-0.0010
30.7200	0.0010
30.7400	0.0030
30.7600	0.0050
30.7800	0.0070
30.8000	0.0080
30.8200	0.0090
30.8400	0.0110
30.8600	0.0130
30.8800	0.0140
30.9000	0.0150
30.9200	0.0160
30.9400	0.0170
30.9600	0.0180
30.9800	0.0190
31.0000	0.0190
31.0200	0.0200
31.0400	0.0190
31.0600	0.0200
31.0800	0.0190
31.1000	0.0180
31.1200	0.0180
31.1400	0.0180
31.1600	0.0160
31.1800	0.0160
31.2000	0.0140
31.2200	0.0130
31.2400	0.0110
31.2600	0.0100
31.2800	0.0090
31.3000	0.0070
31.3200	0.0050
31.3400	0.0030
31.3600	0.0010
31.3800	-0.0000
31.4000	-0.0020
31.4200	-0.0040
31.4400	-0.0060
31.4600	-0.0080
31.4800	-0.0090
31.5000	-0.0100
31.5200	-0.0110
31.5400	-0.0130
31.5600	-0.0140
31.5800	-0.0150
31.6000	-0.0160
31.6200	-0.0170
31.6400	-0.0190
31.6600	-0.0190
31.6800	-0.0190
31.7000	-0.0180
31.7200	-0.0180
31.7400	-0.0190
31.7600	-0.0180
31.7800	-0.0170
31.8000	-0.0170
31.8200	-0.0160
31.8400	-0.0150
31.8600	-0.0140
31.8800	-0.0120
31.9000	-0.0100
31.9200	-0.0090
31.9400	-0.0080
31.9600	-0.0060
31.9800	-0.0040
32.0000	-0.0030
32.0200	-0.0010
32.0400	0.0000
32.0600	0.0030
32.0800	0.0050
32.1000	0.0070
32.1200	0.0080
32.1400	0.0090
32.1600	0.0110
32.1800	0.0130
32.2000	0.0140
32.2200	0.0150
32.2400	0.0150
32.2600	0.0170
32.2800	0.0180
32.3000	0.0180
32.3200	0.0180
32.3400	0.0190
32.3600	0.0190
32.3800	0.0190
32.4000	0.0190
32.4200	0.0180
32.4400	0.0170
32.4600	0.0170
32.4800	0.0160
32.5000	0.0150
32.5200	0.0130
32.5400	0.0130
32.5600	0.0110
32.5800	0.0090
32.6000	0.0080
32.6200	0.0060
32.6400	0.0040
32.6600	0.0030
32.6800	0.0010
32.7000	0.0000
32.7200	-0.0020
32.7400	-0.0040
32.7600	-0.0060
32.7800	-0.0070
32.8000	-0.0090
32.8200	-0.0110
32.8400	-0.0120
32.8600	-0.0130
32.8800	-0.0140
32.9000	-0.0150
32.9200	-0.0160
32.9400	-0.0170
32.9600	-0.0170
32.9800	-0.0180
33.0000	-0.0180
33.0200	-0.0180
33.0400	-0.0180
33.0600	-0.0180
33.0800	-0.0180
33.1000	-0.0160
33.1200	-0.0150
33.1400	-0.0150
33.1600	-0.0140
33.1800	-0.0130
33.2000	-0.0120
33.2200	-0.0100
33.2400	-0.0090
33.2600	-0.0070
33.2800	-0.0060
33.3000	-0.0040
33.3200	-0.0020
33.3400	-0.0000
33.3600	0.0010
33.3800	0.0030
33.4000	0.0040
33.4200	0.0060
33.4400	0.0080
33.4600	0.0100
33.4800	0.0110
33.5000	0.0120
33.5200	0.0140
33.5400	0.0150
33.5600	0.0150
33.5800	0.0170
33.6000	0.0170
33.6200	0.0170
33.6400	0.0180
33.6600	0.0180
33.6800	0.0190
33.7000	0.0180
33.7200	0.0180
33.7400	0.0170
33.7600	0.0170
33.7800	0.0170
33.8000	0.0160
33.8200	0.0140
33.8400	0.0130
33.8600	0.0120
33.8800	0.0110
33.9000	0.0090
33.9200	0.0080
33.9400	0.0060
33.9600	0.0040
33.9800	0.0030
34.0000	0.0000
34.0200	-0.0010
34.0400	-0.0030
34.0600	-0.0050
34.0800	-0.0060
34.1000	-0.0070
34.1200	-0.0090
34.1400	-0.0100
34.1600	-0.0110
34.1800	-0.0130
34.2000	-0.0140
34.2200	-0.0160
34.2400	-0.0160
34.2600	-0.0160
34.2800	-0.0170
34.3000	-0.0170
34.3200	-0.0170
34.3400	-0.0170
34.3600	-0.0170
34.3800	-0.0170
34.4000	-0.0160
34.4200	-0.0170
34.4400	-0.0160
34.4600	-0.0150
34.4800	-0.0130
34.5000	-0.0120
34.5200	-0.0100
34.5400	-0.0090
34.5600	-0.0080
34.5800	-0.0060
34.6000	-0.0050
34.6200	-0.0040
34.6400	-0.0030
34.6600	0.0000
34.6800	0.0020
34.7000	0.0040
34.7200	0.0060
34.7400	0.0060
34.7600	0.0080
34.7800	0.0100
34.8000	0.0110
34.8200	0.0120
34.8400	0.0130
34.8600	0.0150
34.8800	0.0160
34.9000	0.0160
34.9200	0.0170
34.9400	0.0180
34.9600	0.0170
34.9800	0.0180
35.0000	0.0180
35.0200	0.0170
35.0400	0.0170
35.0600	0.0170
35.0800	0.0170
35.1000	0.0150
35.1200	0.0140
35.1400	0.0130
35.1600	0.0130
35.1800	0.0110
35.2000	0.0100
35.2200	0.0080
35.2400	0.0060
35.2600	0.0050
35.2800	0.0040
35.3000	0.0020
35.3200	0.0010
35.3400	-0.0010
35.3600	-0.0030
35.3800	-0.0050
35.4000	-0.0070
35.4200	-0.0080
35.4400	-0.0100
35.4600	-0.0110
35.4800	-0.0120
35.5000	-0.0120
35.5200	-0.0140
35.5400	-0.0140
35.5600	-0.0160
35.5800	-0.0170
35.6000	-0.0160
35.6200	-0.0180
35.6400	-0.0180
35.6600	-0.0180
35.6800	-0.0180
35.7000	-0.0160
35.7200	-0.0150
35.7400	-0.0150
35.7600	-0.0150
35.7800	-0.0130
35.8000	-0.0130
35.8200	-0.0120
35.8400	-0.0110
35.8600	-0.0090
35.8800	-0.0070
35.9000	-0.0050
35.9200	-0.0040
35.9400	-0.0020
35.9600	-0.0010
35.9800	0.0010
36.0000	0.0020
36.0200	0.0030
36.0400	0.0050
36.0600	0.0070
36.0800	0.0090
36.1000	0.0100
36.1200	0.0110
36.1400	0.0130
36.1600	0.0140
36.1800	0.0150
36.2000	0.0160
36.2200	0.0160
36.2400	0.0160
36.2600	0.0170
36.2800	0.0180
36.3000	0.0180
36.3200	0.0170
36.3400	0.0170
36.3600	0.0170
36.3800	0.0170
36.4000	0.0160
36.4200	0.0140
36.4400	0.0140
36.4600	0.0130
36.4800	0.0120
36.5000	0.0110
36.5200	0.0090
36.5400	0.0080
36.5600	0.0060
36.5800	0.0040
36.6000	0.0030
36.6200	0.0010
36.6400	-0.0010
36.6600	-0.0020
36.6800	-0.0040
36.7000	-0.0050
36.7200	-0.0060
36.7400	-0.0080
36.7600	-0.0100
36.7800	-0.0110
36.8000	-0.0120
36.8200	-0.0140
36.8400	-0.0150
36.8600	-0.0150
36.8800	-0.0170
36.9000	-0.0150
36.9200	-0.0160
36.9400	-0.0170
36.9600	-0.0170
36.9800	-0.0170
37.0000	-0.0170
37.0200	-0.0170
37.0400	-0.0160
37.0600	-0.0160
37.0800	-0.0140
37.1000	-0.0130
37.1200	-0.0110
37.1400	-0.0110
37.1600	-0.0100
37.1800	-0.0080
37.2000	-0.0070
37.2200	-0.0060
37.2400	-0.0040
37.2600	-0.0020
37.2800	0.0000
37.3000	0.0020
37.3200	0.0040
37.3400	0.0050
37.3600	0.0060
37.3800	0.0080
37.4000	0.0100
37.4200	0.0100
37.4400	0.0110
37.4600	0.0130
37.4800	0.0150
37.5000	0.0150
37.5200	0.0160
37.5400	0.0170
37.5600	0.0170
37.5800	0.0180
37.6000	0.0180
37.6200	0.0170
37.6400	0.0170
37.6600	0.0170
37.6800	0.0170
37.7000	0.0160
37.7200	0.0150
37.7400	0.0140
37.7600	0.0140
37.7800	0.0120
37.8000	0.0110
37.8200	0.0090
37.8400	0.0080
37.8600	0.0070
37.8800	0.0050
37.9000	0.0040
37.9200	0.0020
37.9400	0.0000
37.9600	-0.0010
37.9800	-0.0030
38.0000	-0.0050
38.0200	-0.0070
38.0400	-0.0080
38.0600	-0.0090
38.0800	-0.0100
38.1000	-0.0110
38.1200	-0.0120
38.1400	-0.0130
38.1600	-0.0150
38.1800	-0.0150
38.2000	-0.0150
38.2200	-0.0170
38.2400	-0.0180
38.2600	-0.0170
38.2800	-0.0170
38.3000	-0.0160
38.3200	-0.0150
38.3400	-0.0150
38.3600	-0.0150
38.3800	-0.0150
38.4000	-0.0140
38.4200	-0.0130
38.4400	-0.0120
38.4600	-0.0110
38.4800	-0.0090
38.5000	-0.0070
38.5200	-0.0050
38.5400	-0.0040
38.5600	-0.0030
38.5800	-0.0010
38.6000	0.0010
38.6200	0.0020
38.6400	0.0030
38.6600	0.0060
38.6800	0.0070
38.7000	0.0090
38.7200	0.0100
38.7400	0.0110
38.7600	0.0120
38.7800	0.0140
38.8000	0.0140
38.8200	0.0150
38.8400	0.0160
38.8600	0.0170
38.8800	0.0170
38.9000	0.0170
38.9200	0.0170
38.9400	0.0180
38.9600	0.0180
38.9800	0.0170
39.0000	0.0170
39.0200	0.0160
39.0400	0.0150
39.0600	0.0140
39.0800	0.0140
39.1000	0.0120
39.1200	0.0100
39.1400	0.0090
39.1600	0.0080
39.1800	0.0070
39.2000	0.0050
39.2200	0.0030
39.2400	0.0010
39.2600	-0.0000
39.2800	-0.0020
39.3000	-0.0030
39.3200	-0.0050
39.3400	-0.0070
39.3600	-0.0080
39.3800	-0.0100
39.4000	-0.0110
39.4200	-0.0130
39.4400	-0.0140
39.4600	-0.0150
39.4800	-0.0150
39.5000	-0.0150
39.5200	-0.0160
39.5400	-0.0160
39.5600	-0.0170
39.5800	-0.0170
39.6000	-0.0170
39.6200	-0.0170
39.6400	-0.0170
39.6600	-0.0170
39.6800	-0.0160
39.7000	-0.0140
39.7200	-0.0130
39.7400	-0.0120
39.7600	-0.0110
39.7800	-0.0100
39.8000	-0.0090
39.8200	-0.0070
39.8400	-0.0060
39.8600	-0.0040
39.8800	-0.0020
39.9000	-0.0000
39.9200	0.0020
39.9400	0.0030
39.9600	0.0040
39.9800	0.0060
40.0000	0.0080
40.0200	0.0090
40.0400	0.0100
40.0600	0.0120
40.0800	0.0130
40.1000	0.0140
40.1200	0.0150
40.1400	0.0160
40.1600	0.0160
40.1800	0.0170
40.2000	0.0170
40.2200	0.0170
40.2400	0.0170
40.2600	0.0180
40.2800	0.0170
40.3000	0.0170
40.3200	0.0160
40.3400	0.0160
40.3600	0.0150
40.3800	0.0140
40.4000	0.0120
40.4200	0.0110
40.4400	0.0100
40.4600	0.0090
40.4800	0.0080
40.5000	0.0060
40.5200	0.0040
40.5400	0.0020
40.5600	0.0010
40.5800	-0.0010
40.6000	-0.0030
40.6200	-0.0040
40.6400	-0.0060
40.6600	-0.0080
40.6800	-0.0090
40.7000	-0.0090
40.7200	-0.0110
40.7400	-0.0130
40.7600	-0.0140
40.7800	-0.0140
40.8000	-0.0160
40.8200	-0.0160
40.8400	-0.0170
40.8600	-0.0170
40.8800	-0.0180
40.9000	-0.0170
40.9200	-0.0170
40.9400	-0.0170
40.9600	-0.0160
40.9800	-0.0160
41.0000	-0.0150
41.0200	-0.0150
41.0400	-0.0140
41.0600	-0.0120
41.0800	-0.0110
41.1000	-0.0090
41.1200	-0.0080
41.1400	-0.0070
41.1600	-0.0050
41.1800	-0.0030
41.2000	-0.0020
41.2200	-0.0000
41.2400	0.0010
41.2600	0.0040
41.2800	0.0050
41.3000	0.0070
41.3200	0.0080
41.3400	0.0090
41.3600	0.0110
41.3800	0.0120
41.4000	0.0130
41.4200	0.0140
41.4400	0.0150
41.4600	0.0170
41.4800	0.0170
41.5000	0.0170
41.5200	0.0170
41.5400	0.0180
41.5600	0.0180
41.5800	0.0180
41.6000	0.0180
41.6200	0.0170
41.6400	0.0160
41.6600	0.0160
41.6800	0.0150
41.7000	0.0130
41.7200	0.0130
41.7400	0.0110
41.7600	0.0100
41.7800	0.0080
41.8000	0.0070
41.8200	0.0040
41.8400	0.0030
41.8600	0.0020
41.8800	0.0000
41.9000	-0.0010
41.9200	-0.0020
41.9400	-0.0040
41.9600	-0.0060
41.9800	-0.0080
42.0000	-0.0090
42.0200	-0.0110
42.0400	-0.0130
42.0600	-0.0130
42.0800	-0.0140
42.1000	-0.0140
42.1200	-0.0150
42.1400	-0.0160
42.1600	-0.0170
42.1800	-0.0170
42.2000	-0.0170
42.2200	-0.0180
42.2400	-0.0180
42.2600	-0.0180
42.2800	-0.0170
42.3000	-0.0150
42.3200	-0.0140
42.3400	-0.0140
42.3600	-0.0130
42.3800	-0.0120
42.4000	-0.0110
42.4200	-0.0100
42.4400	-0.0080
42.4600	-0.0070
42.4800	-0.0050
42.5000	-0.0030
42.5200	-0.0010
42.5400	-0.0000
42.5600	0.0020
42.5800	0.0040
42.6000	0.0060
42.6200	0.0060
42.6400	0.0080
42.6600	0.0110
42.6800	0.0120
42.7000	0.0130
42.7200	0.0140
42.7400	0.0150
42.7600	0.0160
42.7800	0.0160
42.8000	0.0180
42.8200	0.0170
42.8400	0.0180
42.8600	0.0190
42.8800	0.0190
42.9000	0.0180
42.9200	0.0170
42.9400	0.0170
42.9600	0.0160
42.9800	0.0160
43.0000	0.0150
43.0200	0.0130
43.0400	0.0120
43.0600	0.0110
43.0800	0.0100
43.1000	0.0080
43.1200	0.0070
43.1400	0.0050
43.1600	0.0030
43.1800	0.0020
43.2000	0.0000
43.2200	-0.0020
43.2400	-0.0040
43.2600	-0.0050
43.2800	-0.0070
43.3000	-0.0070
43.3200	-0.0090
43.3400	-0.0110
43.3600	-0.0120
43.3800	-0.0130
43.4000	-0.0150
43.4200	-0.0160
43.4400	-0.0160
43.4600	-0.0180
43.4800	-0.0180
43.5000	-0.0170
43.5200	-0.0170
43.5400	-0.0180
43.5600	-0.0170
43.5800	-0.0170
43.6000	-0.0170
43.6200	-0.0170
43.6400	-0.0160
43.6600	-0.0140
43.6800	-0.0140
43.7000	-0.0110
43.7200	-0.0100
43.7400	-0.0090
43.7600	-0.0080
43.7800	-0.0060
43.8000	-0.0040
43.8200	-0.0040
43.8400	-0.0020
43.8600	0.0000
43.8800	0.0020
43.9000	0.0050
43.9200	0.0060
43.9400	0.0070
43.9600	0.0090
43.9800	0.0110
44.0000	0.0120
44.0200	0.0130
44.0400	0.0140
44.0600	0.0160
44.0800	0.0160
44.1000	0.0170
44.1200	0.0170
44.1400	0.0180
44.1600	0.0190
44.1800	0.0190
44.2000	0.0180
44.2200	0.0180
44.2400	0.0180
44.2600	0.0180
44.2800	0.0170
44.3000	0.0160
44.3200	0.0150
44.3400	0.0140
44.3600	0.0130
44.3800	0.0110
44.4000	0.0090
44.4200	0.0080
44.4400	0.0060
44.4600	0.0050
44.4800	0.0030
44.5000	0.0020
44.5200	0.0000
44.5400	-0.0020
44.5600	-0.0040
44.5800	-0.0060
44.6000	-0.0070
44.6200	-0.0100
44.6400	-0.0110
44.6600	-0.0120
44.6800	-0.0130
44.7000	-0.0130
44.7200	-0.0140
44.7400	-0.0160
44.7600	-0.0160
44.7800	-0.0170
44.8000	-0.0170
44.8200	-0.0180
44.8400	-0.0180
44.8600	-0.0180
44.8800	-0.0180
44.9000	-0.0170
44.9200	-0.0160
44.9400	-0.0160
44.9600	-0.0150
44.9800	-0.0140
45.0000	-0.0130
45.0200	-0.0120
45.0400	-0.0110
45.0600	-0.0100
45.0800	-0.0080
45.1000	-0.0050
45.1200	-0.0030
45.1400	-0.0030
45.1600	-0.0010
45.1800	0.0010
45.2000	0.0020
45.2200	0.0040
45.2400	0.0060
45.2600	0.0080
45.2800	0.0100
45.3000	0.0110
45.3200	0.0120
45.3400	0.0140
45.3600	0.0140
45.3800	0.0160
45.4000	0.0160
45.4200	0.0170
45.4400	0.0170
45.4600	0.0190
45.4800	0.0190
45.5000	0.0180
45.5200	0.0180
45.5400	0.0190
45.5600	0.0180
45.5800	0.0180
45.6000	0.0170
45.6200	0.0150
45.6400	0.0140
45.6600	0.0140
45.6800	0.0130
45.7000	0.0110
45.7200	0.0090
45.7400	0.0080
45.7600	0.0070
45.7800	0.0040
45.8000	0.0030
45.8200	0.0000
45.8400	-0.0010
45.8600	-0.0030
45.8800	-0.0040
45.9000	-0.0050
45.9200	-0.0070
45.9400	-0.0090
45.9600	-0.0100
45.9800	-0.0110
46.0000	-0.0130
46.0200	-0.0140
46.0400	-0.0150
46.0600	-0.0160
46.0800	-0.0170
46.1000	-0.0170
46.1200	-0.0170
46.1400	-0.0170
46.1600	-0.0180
46.1800	-0.0180
46.2000	-0.0180
46.2200	-0.0180
46.2400	-0.0170
46.2600	-0.0160
46.2800	-0.0160
46.3000	-0.0140
46.3200	-0.0130
46.3400	-0.0120
46.3600	-0.0100
46.3800	-0.0090
46.4000	-0.0070
46.4200	-0.0070
46.4400	-0.0050
46.4600	-0.0020
46.4800	-0.0010
46.5000	0.0010
46.5200	0.0030
46.5400	0.0040
46.5600	0.0060
46.5800	0.0080
46.6000	0.0090
46.6200	0.0110
46.6400	0.0120
46.6600	0.0140
46.6800	0.0150
46.7000	0.0160
46.7200	0.0160
46.7400	0.0170
46.7600	0.0180
46.7800	0.0190
46.8000	0.0190
46.8200	0.0180
46.8400	0.0180
46.8600	0.0190
46.8800	0.0180
46.9000	0.0170
46.9200	0.0160
46.9400	0.0160
46.9600	0.0150
46.9800	0.0140
47.0000	0.0120
47.0200	0.0100
47.0400	0.0090
47.0600	0.0080
47.0800	0.0070
47.1000	0.0050
47.1200	0.0030
47.1400	0.0010
47.1600	-0.0010
47.1800	-0.0030
47.2000	-0.0040
47.2200	-0.0070
47.2400	-0.0080
47.2600	-0.0090
47.2800	-0.0100
47.3000	-0.0110
47.3200	-0.0120
47.3400	-0.0140
47.3600	-0.0150
47.3800	-0.0160
47.4000	-0.0170
47.4200	-0.0180
47.4400	-0.0180
47.4600	-0.0180
47.4800	-0.0190
47.5000	-0.0180
47.5200	-0.0170
47.5400	-0.0170
47.5600	-0.0170
47.5800	-0.0160
47.6000	-0.0150
47.6200	-0.0150
47.6400	-0.0140
47.6600	-0.0120
47.6800	-0.0100
47.7000	-0.0080
47.7200	-0.0070
47.7400	-0.0060
47.7600	-0.0040
47.7800	-0.0020
47.8000	-0.0000
47.8200	0.0010
47.8400	0.0030
47.8600	0.0050
47.8800	0.0060
47.9000	0.0080
47.9200	0.0100
47.9400	0.0110
47.9600	0.0120
47.9800	0.0140
48.0000	0.0150
48.0200	0.0150
48.0400	0.0160
48.0600	0.0180
48.0800	0.0180
48.1000	0.0190
48.1200	0.0180
48.1400	0.0190
48.1600	0.0190
48.1800	0.0190
48.2000	0.0180
48.2200	0.0170
48.2400	0.0160
48.2600	0.0160
48.2800	0.0150
48.3000	0.0130
48.3200	0.0120
48.3400	0.0100
48.3600	0.0090
48.3800	0.0080
48.4000	0.0060
48.4200	0.0040
48.4400	0.0020
48.4600	0.0010
48.4800	-0.0010
48.5000	-0.0020
48.5200	-0.0040
48.5400	-0.0060
48.5600	-0.0080
48.5800	-0.0090
48.6000	-0.0110
48.6200	-0.0120
48.6400	-0.0130
48.6600	-0.0140
48.6800	-0.0160
48.7000	-0.0160
48.7200	-0.0160
48.7400	-0.0170
48.7600	-0.0170
48.7800	-0.0180
48.8000	-0.0170
48.8200	-0.0190
48.8400	-0.0180
48.8600	-0.0170
48.8800	-0.0170
48.9000	-0.0150
48.9200	-0.0140
48.9400	-0.0140
48.9600	-0.0120
48.9800	-0.0120
49.0000	-0.0100
49.0200	-0.0090
49.0400	-0.0080
49.0600	-0.0050
49.0800	-0.0040
49.1000	-0.0020
49.1200	0.0000
49.1400	0.0010
49.1600	0.0030
49.1800	0.0050
49.2000	0.0070
49.2200	0.0080
49.2400	0.0090
49.2600	0.0110
49.2800	0.0130
49.3000	0.0140
49.3200	0.0150
49.3400	0.0160
49.3600	0.0170
49.3800	0.0180
49.4000	0.0180
49.4200	0.0180
49.4400	0.0180
49.4600	0.0190
49.4800	0.0190
49.5000	0.0180
49.5200	0.0170
49.5400	0.0170
49.5600	0.0160
49.5800	0.0150
49.6000	0.0150
49.6200	0.0130
49.6400	0.0110
49.6600	0.0110
49.6800	0.0090
49.7000	0.0080
49.7200	0.0060
49.7400	0.0040
49.7600	0.0020
49.7800	0.0010
49.8000	-0.0010
49.8200	-0.0040
49.8400	-0.0050
49.8600	-0.0060
49.8800	-0.0080
49.9000	-0.0090
49.9200	-0.0100
49.9400	-0.0120
49.9600	-0.0130
49.9800	-0.0140
50.0000	-0.0150
50.0200	-0.0170
50.0400	-0.0170
50.0600	-0.0180
50.0800	-0.0180
50.1000	-0.0170
50.1200	-0.0170
50.1400	-0.0180
50.1600	-0.0170
50.1800	-0.0170
50.2000	-0.0160
50.2200	-0.0160
50.2400	-0.0150
50.2600	-0.0140
50.2800	-0.0130
50.3000	-0.0110
50.3200	-0.0090
50.3400	-0.0080
50.3600	-0.0070
50.3800	-0.0050
50.4000	-0.0030
50.4200	-0.0030
50.4400	-0.0010
50.4600	0.0020
50.4800	0.0040
50.5000	0.0060
50.5200	0.0070
50.5400	0.0080
50.5600	0.0100
50.5800	0.0120
50.6000	0.0120
50.6200	0.0140
50.6400	0.0150
50.6600	0.0160
50.6800	0.0170
50.7000	0.0170
50.7200	0.0180
50.7400	0.0180
50.7600	0.0190
50.7800	0.0190
50.8000	0.0180
50.8200	0.0180
50.8400	0.0170
50.8600	0.0180
50.8800	0.0160
50.9000	0.0150
50.9200	0.0140
50.9400	0.0130
50.9600	0.0110
50.9800	0.0100
51.0000	0.0090
51.0200	0.0060
51.0400	0.0050
51.0600	0.0040
51.0800	0.0020
51.1000	0.0010
51.1200	-0.0010
51.1400	-0.0040
51.1600	-0.0050
51.1800	-0.0070
51.2000	-0.0080
51.2200	-0.0100
51.2400	-0.0120
51.2600	-0.0130
51.2800	-0.0140
51.3000	-0.0140
51.3200	-0.0150
51.3400	-0.0160
51.3600	-0.0170
51.3800	-0.0170
51.4000	-0.0180
51.4200	-0.0180
51.4400	-0.0180
51.4600	-0.0180
51.4800	-0.0180
51.5000	-0.0160
51.5200	-0.0160
51.5400	-0.0150
51.5600	-0.0140
51.5800	-0.0140
51.6000	-0.0120
51.6200	-0.0110
51.6400	-0.0100
51.6600	-0.0080
51.6800	-0.0060
51.7000	-0.0040
51.7200	-0.0020
51.7400	-0.0010
51.7600	0.0010
51.7800	0.0020
51.8000	0.0040
51.8200	0.0050
51.8400	0.0060
51.8600	0.0090
51.8800	0.0100
51.9000	0.0120
51.9200	0.0130
51.9400	0.0140
51.9600	0.0150
51.9800	0.0160
52.0000	0.0170
52.0200	0.0170
52.0400	0.0180
52.0600	0.0180
52.0800	0.0190
52.1000	0.0180
52.1200	0.0170
52.1400	0.0180
52.1600	0.0170
52.1800	0.0160
52.2000	0.0160
52.2200	0.0140
52.2400	0.0130
52.2600	0.0130
52.2800	0.0110
52.3000	0.0100
52.3200	0.0080
52.3400	0.0060
52.3600	0.0050
52.3800	0.0030
52.4000	0.0010
52.4200	-0.0000
52.4400	-0.0030
52.4600	-0.0030
52.4800	-0.0050
52.5000	-0.0060
52.5200	-0.0080
52.5400	-0.0100
52.5600	-0.0110
52.5800	-0.0120
52.6000	-0.0140
52.6200	-0.0150
52.6400	-0.0160
52.6600	-0.0170
52.6800	-0.0170
52.7000	-0.0160
52.7200	-0.0170
52.7400	-0.0170
52.7600	-0.0170
52.7800	-0.0170
52.8000	-0.0170
52.8200	-0.0170
52.8400	-0.0170
52.8600	-0.0160
52.8800	-0.0140
52.9000	-0.0120
52.9200	-0.0110
52.9400	-0.0100
52.9600	-0.0090
52.9800	-0.0080
53.0000	-0.0070
53.0200	-0.0050
53.0400	-0.0030
53.0600	-0.0010
53.0800	0.0000
53.1000	0.0030
53.1200	0.0040
53.1400	0.0060
53.1600	0.0080
53.1800	0.0090
53.2000	0.0110
53.2200	0.0110
53.2400	0.0130
53.2600	0.0140
53.2800	0.0160
53.3000	0.0160
53.3200	0.0170
53.3400	0.0170
53.3600	0.0180
53.3800	0.0180
53.4000	0.0180
53.4200	0.0180
53.4400	0.0170
53.4600	0.0180
53.4800	0.0170
53.5000	0.0160
53.5200	0.0150
53.5400	0.0140
53.5600	0.0140
53.5800	0.0120
53.6000	0.0110
53.6200	0.0090
53.6400	0.0070
53.6600	0.0060
53.6800	0.0050
53.7000	0.0030
53.7200	0.0020
53.7400	-0.0010
53.7600	-0.0020
53.7800	-0.0040
53.8000	-0.0050
53.8200	-0.0070
53.8400	-0.0090
53.8600	-0.0100
53.8800	-0.0120
53.9000	-0.0120
53.9200	-0.0130
53.9400	-0.0140
53.9600	-0.0150
53.9800	-0.0160
54.0000	-0.0160
54.0200	-0.0180
54.0400	-0.0180
54.0600	-0.0180
54.0800	-0.0180
54.1000	-0.0170
54.1200	-0.0170
54.1400	-0.0160
54.1600	-0.0160
54.1800	-0.0150
54.2000	-0.0140
54.2200	-0.0130
54.2400	-0.0130
54.2600	-0.0100
54.2800	-0.0090
54.3000	-0.0070
54.3200	-0.0050
54.3400	-0.0040
54.3600	-0.0020
54.3800	-0.0000
54.4000	0.0010
54.4200	0.0020
54.4400	0.0040
54.4600	0.0060
54.4800	0.0080
54.5000	0.0090
54.5200	0.0110
54.5400	0.0120
54.5600	0.0130
54.5800	0.0150
54.6000	0.0150
54.6200	0.0160
54.6400	0.0170
54.6600	0.0180
54.6800	0.0180
54.7000	0.0180
54.7200	0.0180
54.7400	0.0180
54.7600	0.0170
54.7800	0.0180
54.8000	0.0170
54.8200	0.0160
54.8400	0.0150
54.8600	0.0150
54.8800	0.0130
54.9000	0.0120
54.9200	0.0100
54.9400	0.0090
54.9600	0.0070
54.9800	0.0060
55.0000	0.0040
55.0200	0.0020
55.0400	0.0000
55.0600	-0.0010
55.0800	-0.0030
55.1000	-0.0040
55.1200	-0.0050
55.1400	-0.0070
55.1600	-0.0090
55.1800	-0.0100
55.2000	-0.0120
55.2200	-0.0130
55.2400	-0.0140
55.2600	-0.0150
55.2800	-0.0160
55.3000	-0.0160
55.3200	-0.0160
55.3400	-0.0170
55.3600	-0.0170
55.3800	-0.0170
55.4000	-0.0180
55.4200	-0.0180
55.4400	-0.0170
55.4600	-0.0170
55.4800	-0.0160
55.5000	-0.0140
55.5200	-0.0130
55.5400	-0.0120
55.5600	-0.0110
55.5800	-0.0100
55.6000	-0.0080
55.6200	-0.0070
55.6400	-0.0060
55.6600	-0.0040
55.6800	-0.0020
55.7000	0.0010
55.7200	0.0020
55.7400	0.0030
55.7600	0.0050
55.7800	0.0070
55.8000	0.0080
55.8200	0.0090
55.8400	0.0100
55.8600	0.0130
55.8800	0.0140
55.9000	0.0150
55.9200	0.0150
55.9400	0.0160
55.9600	0.0170
55.9800	0.0180
56.0000	0.0180
56.0200	0.0180
56.0400	0.0180
56.0600	0.0180
56.0800	0.0180
56.1000	0.0170
56.1200	0.0160
56.1400	0.0160
56.1600	0.0150
56.1800	0.0130
56.2000	0.0130
56.2200	0.0110
56.2400	0.0090
56.2600	0.0090
56.2800	0.0080
56.3000	0.0060
56.3200	0.0040
56.3400	0.0020
56.3600	0.0000
56.3800	-0.0020
56.4000	-0.0030
56.4200	-0.0050
56.4400	-0.0070
56.4600	-0.0080
56.4800	-0.0100
56.5000	-0.0100
56.5200	-0.0110
56.5400	-0.0130
56.5600	-0.0140
56.5800	-0.0150
56.6000	-0.0160
56.6200	-0.0170
56.6400	-0.0170
56.6600	-0.0180
56.6800	-0.0180
56.7000	-0.0170
56.7200	-0.0170
56.7400	-0.0170
56.7600	-0.0160
56.7800	-0.0160
56.8000	-0.0150
56.8200	-0.0150
56.8400	-0.0130
56.8600	-0.0130
56.8800	-0.0110
56.9000	-0.0080
56.9200	-0.0070
56.9400	-0.0070
56.9600	-0.0050
56.9800	-0.0030
57.0000	-0.0010
57.0200	-0.0000
57.0400	0.0010
57.0600	0.0040
57.0800	0.0060
57.1000	0.0070
57.1200	0.0080
57.1400	0.0100
57.1600	0.0110
57.1800	0.0130
57.2000	0.0140
57.2200	0.0150
57.2400	0.0160
57.2600	0.0170
57.2800	0.0180
57.3000	0.0170
57.3200	0.0180
57.3400	0.0180
57.3600	0.0180
57.3800	0.0180
57.4000	0.0180
57.4200	0.0170
57.4400	0.0160
57.4600	0.0160
57.4800	0.0150
57.5000	0.0140
57.5200	0.0130
57.5400	0.0110
57.5600	0.0100
57.5800	0.0080
57.6000	0.0060
57.6200	0.0050
57.6400	0.0030
57.6600	0.0020
57.6800	0.0000
57.7000	-0.0020
57.7200	-0.0030
57.7400	-0.0050
57.7600	-0.0060
57.7800	-0.0080
57.8000	-0.0100
57.8200	-0.0120
57.8400	-0.0130
57.8600	-0.0130
57.8800	-0.0150
57.9000	-0.0140
57.9200	-0.0150
57.9400	-0.0170
57.9600	-0.0170
57.9800	-0.0170
58.0000	-0.0170
58.0200	-0.0180
58.0400	-0.0180
58.0600	-0.0170
58.0800	-0.0170
58.1000	-0.0150
58.1200	-0.0140
58.1400	-0.0140
58.1600	-0.0130
58.1800	-0.0120
58.2000	-0.0100
58.2200	-0.0100
58.2400	-0.0080
58.2600	-0.0060
58.2800	-0.0040
58.3000	-0.0020
58.3200	-0.0000
58.3400	0.0010
58.3600	0.0030
58.3800	0.0040
58.4000	0.0060
58.4200	0.0070
58.4400	0.0080
58.4600	0.0110
58.4800	0.0120
58.5000	0.0130
58.5200	0.0140
58.5400	0.0150
58.5600	0.0160
58.5800	0.0170
58.6000	0.0180
58.6200	0.0170
58.6400	0.0180
58.6600	0.0180
58.6800	0.0180
58.7000	0.0180
58.7200	0.0170
58.7400	0.0170
58.7600	0.0160
58.7800	0.0160
58.8000	0.0150
58.8200	0.0130
58.8400	0.0120
58.8600	0.0110
58.8800	0.0100
58.9000	0.0080
58.9200	0.0070
58.9400	0.0050
58.9600	0.0030
58.9800	0.0010
59.0000	-0.0000
59.0200	-0.0030
59.0400	-0.0040
59.0600	-0.0060
59.0800	-0.0070
59.1000	-0.0080
59.1200	-0.0090
59.1400	-0.0120
59.1600	-0.0130
59.1800	-0.0140
59.2000	-0.0150
59.2200	-0.0160
59.2400	-0.0170
59.2600	-0.0170
59.2800	-0.0180
59.3000	-0.0170
59.3200	-0.0170
59.3400	-0.0170
59.3600	-0.0170
59.3800	-0.0170
59.4000	-0.0160
59.4200	-0.0160
59.4400	-0.0150
59.4600	-0.0140
59.4800	-0.0130
59.5000	-0.0110
59.5200	-0.0100
59.5400	-0.0090
59.5600	-0.0070
59.5800	-0.0060
59.6000	-0.0040
59.6200	-0.0030
59.6400	-0.0010
59.6600	0.0010
59.6800	0.0030
59.7000	0.0050
59.7200	0.0060
59.7400	0.0080
59.7600	0.0090
59.7800	0.0110
59.8000	0.0120
59.8200	0.0130
59.8400	0.0140
59.8600	0.0160
59.8800	0.0170
59.9000	0.0170
59.9200	0.0170
59.9400	0.0180
59.9600	0.0190
59.9800	0.0180
60.0000	0.0190
60.0200	0.0180
60.0400	0.0170
60.0600	0.0170
60.0800	0.0160
60.1000	0.0150
60.1200	0.0140
60.1400	0.0130
60.1600	0.0110
60.1800	0.0110
60.2000	0.0090
60.2200	0.0070
60.2400	0.0050
60.2600	0.0040
60.2800	0.0030
60.3000	0.0010
60.3200	-0.0000
60.3400	-0.0020
60.3600	-0.0040
60.3800	-0.0060
60.4000	-0.0080
60.4200	-0.0090
60.4400	-0.0110
60.4600	-0.0120
60.4800	-0.0130
60.5000	-0.0130
60.5200	-0.0140
60.5400	-0.0160
60.5600	-0.0160
60.5800	-0.0170
60.6000	-0.0170
60.6200	-0.0180
60.6400	-0.0180
60.6600	-0.0180
60.6800	-0.0180
60.7000	-0.0170
60.7200	-0.0160
60.7400	-0.0150
60.7600	-0.0150
60.7800	-0.0140
60.8000	-0.0130
60.8200	-0.0120
60.8400	-0.0100
60.8600	-0.0080
60.8800	-0.0070
60.9000	-0.0050
60.9200	-0.0030
60.9400	-0.0020
60.9600	-0.0000
60.9800	0.0020
61.0000	0.0030
61.0200	0.0040
61.0400	0.0060
61.0600	0.0090
61.0800	0.0100
61.1000	0.0110
61.1200	0.0120
61.1400	0.0140
61.1600	0.0150
61.1800	0.0160
61.2000	0.0160
61.2200	0.0170
61.2400	0.0180
61.2600	0.0180
61.2800	0.0190
61.3000	0.0180
61.3200	0.0180
61.3400	0.0180
61.3600	0.0180
61.3800	0.0170
61.4000	0.0160
61.4200	0.0140
61.4400	0.0140
61.4600	0.0130
61.4800	0.0120
61.5000	0.0100
61.5200	0.0090
61.5400	0.0070
61.5600	0.0060
61.5800	0.0040
61.6000	0.0020
61.6200	-0.0000
61.6400	-0.0020
61.6600	-0.0030
61.6800	-0.0050
61.7000	-0.0060
61.7200	-0.0070
61.7400	-0.0090
61.7600	-0.0100
61.7800	-0.0120
61.8000	-0.0130
61.8200	-0.0150
61.8400	-0.0150
61.8600	-0.0170
61.8800	-0.0170
61.9000	-0.0170
61.9200	-0.0170
61.9400	-0.0180
61.9600	-0.0180
61.9800	-0.0170
62.0000	-0.0170
62.0200	-0.0180
62.0400	-0.0160
62.0600	-0.0160
62.0800	-0.0150
62.1000	-0.0130
62.1200	-0.0110
62.1400	-0.0110
62.1600	-0.0090
62.1800	-0.0080
62.2000	-0.0060
62.2200	-0.0060
62.2400	-0.0040
62.2600	-0.0010
62.2800	0.0010
62.3000	0.0030
62.3200	0.0040
62.3400	0.0060
62.3600	0.0070
62.3800	0.0080
62.4000	0.0100
62.4200	0.0110
62.4400	0.0120
62.4600	0.0140
62.4800	0.0150
62.5000	0.0160
62.5200	0.0160
62.5400	0.0170
62.5600	0.0180
62.5800	0.0190
62.6000	0.0180
62.6200	0.0180
62.6400	0.0180
62.6600	0.0180
62.6800	0.0180
62.7000	0.0170
62.7200	0.0160
62.7400	0.0150
62.7600	0.0140
62.7800	0.0130
62.8000	0.0110
62.8200	0.0090
62.8400	0.0080
62.8600	0.0070
62.8800	0.0050
62.9000	0.0040
62.9200	0.0020
62.9400	-0.0000
62.9600	-0.0020
62.9800	-0.0030
63.0000	-0.0050
63.0200	-0.0070
63.0400	-0.0080
63.0600	-0.0100
63.0800	-0.0110
63.1000	-0.0120
63.1200	-0.0130
63.1400	-0.0150
63.1600	-0.0150
63.1800	-0.0160
63.2000	-0.0170
63.2200	-0.0180
63.2400	-0.0180
63.2600	-0.0180
63.2800	-0.0180
63.3000	-0.0170
63.3200	-0.0160
63.3400	-0.0170
63.3600	-0.0160
63.3800	-0.0150
63.4000	-0.0140
63.4200	-0.0130
63.4400	-0.0130
63.4600	-0.0110
63.4800	-0.0100
63.5000	-0.0080
63.5200	-0.0050
63.5400	-0.0050
63.5600	-0.0030
63.5800	-0.0010
63.6000	0.0010
63.6200	0.0020
63.6400	0.0040
63.6600	0.0060
63.6800	0.0080
63.7000	0.0090
63.7200	0.0110
63.7400	0.0120
63.7600	0.0130
63.7800	0.0140
63.8000	0.0150
63.8200	0.0160
63.8400	0.0170
63.8600	0.0180
63.8800	0.0190
63.9000	0.0180
63.9200	0.0180
63.9400	0.0180
63.9600	0.0180
63.9800	0.0180
64.0000	0.0170
64.0200	0.0160
64.0400	0.0150
64.0600	0.0150
64.0800	0.0140
64.1000	0.0130
64.1200	0.0110
64.1400	0.0090
64.1600	0.0080
64.1800	0.0070
64.2000	0.0050
64.2200	0.0030
64.2400	0.0010
64.2600	-0.0000
64.2800	-0.0020
64.3000	-0.0030
64.3200	-0.0050
64.3400	-0.0070
64.3600	-0.0080
64.3800	-0.0090
64.4000	-0.0110
64.4200	-0.0130
64.4400	-0.0140
64.4600	-0.0150
64.4800	-0.0160
64.5000	-0.0150
64.5200	-0.0160
64.5400	-0.0170
64.5600	-0.0170
64.5800	-0.0180
64.6000	-0.0170
64.6200	-0.0180
64.6400	-0.0170
64.6600	-0.0170
64.6800	-0.0170
64.7000	-0.0140
64.7200	-0.0130
64.7400	-0.0130
64.7600	-0.0120
64.7800	-0.0110
64.8000	-0.0090
64.8200	-0.0080
64.8400	-0.0060
64.8600	-0.0040
64.8800	-0.0030
64.9000	-0.0000
64.9200	0.0020
64.9400	0.0030
64.9600	0.0040
64.9800	0.0060
65.0000	0.0080
65.0200	0.0090
65.0400	0.0100
65.0600	0.0120
65.0800	0.0140
65.1000	0.0140
65.1200	0.0150
65.1400	0.0170
65.1600	0.0170
65.1800	0.0180
65.2000	0.0180
65.2200	0.0180
65.2400	0.0180
65.2600	0.0190
65.2800	0.0180
65.3000	0.0170
65.3200	0.0170
65.3400	0.0170
65.3600	0.0160
65.3800	0.0150
65.4000	0.0140
65.4200	0.0120
65.4400	0.0100
65.4600	0.0100
65.4800	0.0080
65.5000	0.0070
65.5200	0.0050
65.5400	0.0030
65.5600	0.0010
65.5800	-0.0000
65.6000	-0.0020
65.6200	-0.0040
65.6400	-0.0060
65.6600	-0.0070
65.6800	-0.0090
65.7000	-0.0090
65.7200	-0.0110
65.7400	-0.0130
65.7600	-0.0140
65.7800	-0.0150
65.8000	-0.0160
65.8200	-0.0170
65.8400	-0.0170
65.8600	-0.0180
65.8800	-0.0180
65.9000	-0.0170
65.9200	-0.0170
65.9400	-0.0180
65.9600	-0.0170
65.9800	-0.0160
66.0000	-0.0160
66.0200	-0.0150
66.0400	-0.0150
66.0600	-0.0140
66.0800	-0.0120
66.1000	-0.0090
66.1200	-0.0080
66.1400	-0.0070
66.1600	-0.0060
66.1800	-0.0040
66.2000	-0.0020
66.2200	-0.0010
66.2400	0.0000
66.2600	0.0030
66.2800	0.0050
66.3000	0.0060
66.3200	0.0080
66.3400	0.0090
66.3600	0.0110
66.3800	0.0120
66.4000	0.0140
66.4200	0.0140
66.4400	0.0150
66.4600	0.0170
66.4800	0.0170
66.5000	0.0180
66.5200	0.0180
66.5400	0.0180
66.5600	0.0190
66.5800	0.0180
66.6000	0.0180
66.6200	0.0170
66.6400	0.0170
66.6600	0.0170
66.6800	0.0160
66.7000	0.0140
66.7200	0.0130
66.7400	0.0120
66.7600	0.0110
66.7800	0.0090
66.8000	0.0070
66.8200	0.0050
66.8400	0.0030
66.8600	0.0030
66.8800	0.0010
66.9000	-0.0000
66.9200	-0.0020
66.9400	-0.0040
66.9600	-0.0060
66.9800	-0.0080
67.0000	-0.0080
67.0200	-0.0110
67.0400	-0.0120
67.0600	-0.0130
67.0800	-0.0150
67.1000	-0.0150
67.1200	-0.0150
67.1400	-0.0160
67.1600	-0.0170
67.1800	-0.0180
67.2000	-0.0180
67.2200	-0.0180
67.2400	-0.0180
67.2600	-0.0180
67.2800	-0.0170
67.3000	-0.0160
67.3200	-0.0150
67.3400	-0.0140
67.3600	-0.0140
67.3800	-0.0130
67.4000	-0.0110
67.4200	-0.0100
67.4400	-0.0090
67.4600	-0.0070
67.4800	-0.0060
67.5000	-0.0030
67.5200	-0.0010
67.5400	-0.0000
67.5600	0.0010
67.5800	0.0030
67.6000	0.0050
67.6200	0.0060
67.6400	0.0080
67.6600	0.0100
67.6800	0.0110
67.7000	0.0130
67.7200	0.0140
67.7400	0.0150
67.7600	0.0160
67.7800	0.0170
67.8000	0.0170
67.8200	0.0170
67.8400	0.0180
67.8600	0.0190
67.8800	0.0180
67.9000	0.0180
67.9200	0.0180
67.9400	0.0170
67.9600	0.0170
67.9800	0.0160
68.0000	0.0160
68.0200	0.0130
68.0400	0.0130
68.0600	0.0120
68.0800	0.0100
68.1000	0.0090
68.1200	0.0080
68.1400	0.0060
68.1600	0.0040
68.1800	0.0030
68.2000	0.0010
68.2200	-0.0010
68.2400	-0.0030
68.2600	-0.0040
68.2800	-0.0060
68.3000	-0.0070
68.3200	-0.0080
68.3400	-0.0110
68.3600	-0.0120
68.3800	-0.0130
68.4000	-0.0140
68.4200	-0.0160
68.4400	-0.0170
68.4600	-0.0170
68.4800	-0.0170
68.5000	-0.0170
68.5200	-0.0180
68.5400	-0.0180
68.5600	-0.0180
68.5800	-0.0170
68.6000	-0.0170
68.6200	-0.0160
68.6400	-0.0160
68.6600	-0.0150
68.6800	-0.0140
68.7000	-0.0120
68.7200	-0.0110
68.7400	-0.0090
68.7600	-0.0080
68.7800	-0.0070
68.8000	-0.0050
68.8200	-0.0040
68.8400	-0.0020
68.8600	0.0000
68.8800	0.0020
68.9000	0.0040
68.9200	0.0060
68.9400	0.0070
68.9600	0.0090
68.9800	0.0100
69.0000	0.0120
69.0200	0.0120
69.0400	0.0130
69.0600	0.0150
69.0800	0.0160
69.1000	0.0160
69.1200	0.0170
69.1400	0.0180
69.1600	0.0180
69.1800	0.0190
69.2000	0.0190
69.2200	0.0180
69.2400	0.0180
69.2600	0.0180
69.2800	0.0170
69.3000	0.0160
69.3200	0.0150
69.3400	0.0140
69.3600	0.0130
69.3800	0.0120
69.4000	0.0100
69.4200	0.0080
69.4400	0.0060
69.4600	0.0050
69.4800	0.0040
69.5000	0.0030
69.5200	0.0010
69.5400	-0.0010
69.5600	-0.0040
69.5800	-0.0050
69.6000	-0.0070
69.6200	-0.0090
69.6400	-0.0100
69.6600	-0.0120
69.6800	-0.0120
69.7000	-0.0130
69.7200	-0.0140
69.7400	-0.0150
69.7600	-0.0160
69.7800	-0.0170
69.8000	-0.0170
69.8200	-0.0180
69.8400	-0.0180
69.8600	-0.0180
69.8800	-0.0180
69.9000	-0.0170
69.9200	-0.0160
69.9400	-0.0150
69.9600	-0.0150
69.9800	-0.0140
70.0000	-0.0130
70.0200	-0.0130
70.0400	-0.0120
70.0600	-0.0100
70.0800	-0.0080
70.1000	-0.0060
70.1200	-0.0040
70.1400	-0.0030
70.1600	-0.0010
70.1800	0.0010
70.2000	0.0020
70.2200	0.0030
70.2400	0.0050
70.2600	0.0080
70.2800	0.0090
70.3000	0.0100
70.3200	0.0120
70.3400	0.0130
70.3600	0.0140
70.3800	0.0150
70.4000	0.0160
70.4200	0.0170
70.4400	0.0170
70.4600	0.0180
70.4800	0.0190
70.5000	0.0180
70.5200	0.0180
70.5400	0.0180
70.5600	0.0170
70.5800	0.0170
70.6000	0.0170
70.6200	0.0150
70.6400	0.0140
70.6600	0.0140
70.6800	0.0130
70.7000	0.0110
70.7200	0.0100
70.7400	0.0080
70.7600	0.0060
70.7800	0.0050
70.8000	0.0030
70.8200	0.0010
70.8400	-0.0010
70.8600	-0.0020
70.8800	-0.0030
70.9000	-0.0040
70.9200	-0.0060
70.9400	-0.0080
70.9600	-0.0100
70.9800	-0.0110
71.0000	-0.0120
71.0200	-0.0140
71.0400	-0.0150
71.0600	-0.0160
71.0800	-0.0170
71.1000	-0.0160
71.1200	-0.0170
71.1400	-0.0170
71.1600	-0.0170
71.1800	-0.0180
71.2000	-0.0180
71.2200	-0.0170
71.2400	-0.0170
71.2600	-0.0160
71.2800	-0.0150
71.3000	-0.0140
71.3200	-0.0120
71.3400	-0.0120
71.3600	-0.0100
71.3800	-0.0090
71.4000	-0.0080
71.4200	-0.0070
71.4400	-0.0050
71.4600	-0.0030
71.4800	-0.0010
71.5000	0.0010
71.5200	0.0030
71.5400	0.0040
71.5600	0.0060
71.5800	0.0080
71.6000	0.0090
71.6200	0.0100
71.6400	0.0120
71.6600	0.0130
71.6800	0.0150
71.7000	0.0150
71.7200	0.0160
71.7400	0.0170
71.7600	0.0180
71.7800	0.0180
71.8000	0.0180
71.8200	0.0180
71.8400	0.0180
71.8600	0.0180
71.8800	0.0180
71.9000	0.0170
71.9200	0.0160
71.9400	0.0160
71.9600	0.0140
71.9800	0.0140
72.0000	0.0120
72.0200	0.0100
72.0400	0.0090
72.0600	0.0080
72.0800	0.0060
72.1000	0.0050
72.1200	0.0030
72.1400	0.0010
72.1600	-0.0000
72.1800	-0.0030
72.2000	-0.0040
72.2200	-0.0060
72.2400	-0.0080
72.2600	-0.0080
72.2800	-0.0110
72.3000	-0.0110
72.3200	-0.0120
72.3400	-0.0140
72.3600	-0.0150
72.3800	-0.0150
72.4000	-0.0160
72.4200	-0.0180
72.4400	-0.0180
72.4600	-0.0180
72.4800	-0.0180
72.5000	-0.0170
72.5200	-0.0170
72.5400	-0.0160
72.5600	-0.0160
72.5800	-0.0160
72.6000	-0.0150
72.6200	-0.0140
72.6400	-0.0130
72.6600	-0.0120
72.6800	-0.0100
72.7000	-0.0080
72.7200	-0.0060
72.7400	-0.0050
72.7600	-0.0040
72.7800	-0.0020
72.8000	-0.0010
72.8200	0.0000
72.8400	0.0020
72.8600	0.0040
72.8800	0.0060
72.9000	0.0080
72.9200	0.0100
72.9400	0.0110
72.9600	0.0120
72.9800	0.0130
73.0000	0.0150
73.0200	0.0150
73.0400	0.0160
73.0600	0.0180
73.0800	0.0180
73.1000	0.0180
73.1200	0.0180
73.1400	0.0180
73.1600	0.0180
73.1800	0.0180
73.2000	0.0180
73.2200	0.0170
73.2400	0.0160
73.2600	0.0150
73.2800	0.0150
73.3000	0.0130
73.3200	0.0120
73.3400	0.0100
73.3600	0.0090
73.3800	0.0070
73.4000	0.0060
73.4200	0.0040
73.4400	0.0020
73.4600	0.0000
73.4800	-0.0010
73.5000	-0.0020
73.5200	-0.0040
73.5400	-0.0060
73.5600	-0.0070
73.5800	-0.0090
73.6000	-0.0110
73.6200	-0.0120
73.6400	-0.0140
73.6600	-0.0140
73.6800	-0.0150
73.7000	-0.0150
73.7200	-0.0160
73.7400	-0.0170
73.7600	-0.0170
73.7800	-0.0170
73.8000	-0.0170
73.8200	-0.0180
73.8400	-0.0180
73.8600	-0.0170
73.8800	-0.0170
73.9000	-0.0150
73.9200	-0.0140
73.9400	-0.0140
73.9600	-0.0120
73.9800	-0.0120
74.0000	-0.0100
74.0200	-0.0090
74.0400	-0.0080
74.0600	-0.0050
74.0800	-0.0040
74.1000	-0.0020
74.1200	0.0010
74.1400	0.0020
74.1600	0.0030
74.1800	0.0050
74.2000	0.0070
74.2200	0.0070
74.2400	0.0090
74.2600	0.0110
74.2800	0.0130
74.3000	0.0140
74.3200	0.0150
74.3400	0.0160
74.3600	0.0170
74.3800	0.0170
74.4000	0.0180
74.4200	0.0180
74.4400	0.0180
74.4600	0.0190
74.4800	0.0190
74.5000	0.0170
74.5200	0.0170
74.5400	0.0170
74.5600	0.0160
74.5800	0.0150
74.6000	0.0140
74.6200	0.0130
74.6400	0.0110
74.6600	0.0100
74.6800	0.0090
74.7000	0.0070
74.7200	0.0060
74.7400	0.0040
74.7600	0.0020
74.7800	0.0000
74.8000	-0.0010
74.8200	-0.0030
74.8400	-0.0050
74.8600	-0.0070
74.8800	-0.0080
74.9000	-0.0090
74.9200	-0.0100
74.9400	-0.0120
74.9600	-0.0130
74.9800	-0.0140
75.0000	-0.0150
75.0200	-0.0160
75.0400	-0.0170
75.0600	-0.0180
75.0800	-0.0180
75.1000	-0.0170
75.1200	-0.0170
75.1400	-0.0170
75.1600	-0.0170
75.1800	-0.0170
75.2000	-0.0160
75.2200	-0.0160
75.2400	-0.0150
75.2600	-0.0140
75.2800	-0.0130
75.3000	-0.0100
75.3200	-0.0090
75.3400	-0.0080
75.3600	-0.0070
75.3800	-0.0050
75.4000	-0.0030
75.4200	-0.0020
75.4400	0.0000
75.4600	0.0020
75.4800	0.0040
75.5000	0.0050
75.5200	0.0070
75.5400	0.0090
75.5600	0.0100
75.5800	0.0120
75.6000	0.0120
75.6200	0.0130
75.6400	0.0150
75.6600	0.0160
75.6800	0.0170
75.7000	0.0170
75.7200	0.0170
75.7400	0.0180
75.7600	0.0180
75.7800	0.0180
75.8000	0.0180
75.8200	0.0180
75.8400	0.0170
75.8600	0.0170
75.8800	0.0160
75.9000	0.0140
75.9200	0.0140
75.9400	0.0130
75.9600	0.0110
75.9800	0.0100
76.0000	0.0080
76.0200	0.0070
76.0400	0.0040
76.0600	0.0040
76.0800	0.0020
76.1000	0.0000
76.1200	-0.0010
76.1400	-0.0030
76.1600	-0.0050
76.1800	-0.0060
76.2000	-0.0080
76.2200	-0.0100
76.2400	-0.0120
76.2600	-0.0120
76.2800	-0.0140
76.3000	-0.0140
76.3200	-0.0150
76.3400	-0.0160
76.3600	-0.0170
76.3800	-0.0170
76.4000	-0.0170
76.4200	-0.0180
76.4400	-0.0180
76.4600	-0.0180
76.4800	-0.0180
76.5000	-0.0160
76.5200	-0.0150
76.5400	-0.0150
76.5600	-0.0140
76.5800	-0.0130
76.6000	-0.0120
76.6200	-0.0110
76.6400	-0.0100
76.6600	-0.0080
76.6800	-0.0070
76.7000	-0.0040
76.7200	-0.0020
76.7400	-0.0010
76.7600	0.0010
76.7800	0.0020
76.8000	0.0040
76.8200	0.0050
76.8400	0.0070
76.8600	0.0100
76.8800	0.0110
76.9000	0.0120
76.9200	0.0130
76.9400	0.0140
76.9600	0.0150
76.9800	0.0160
77.0000	0.0170
77.0200	0.0170
77.0400	0.0170
77.0600	0.0180
77.0800	0.0190
77.1000	0.0170
77.1200	0.0180
77.1400	0.0170
77.1600	0.0170
77.1800	0.0170
77.2000	0.0160
77.2200	0.0140
77.2400	0.0130
77.2600	0.0130
77.2800	0.0110
77.3000	0.0090
77.3200	0.0080
77.3400	0.0060
77.3600	0.0050
77.3800	0.0030
77.4000	0.0010
77.4200	-0.0010
77.4400	-0.0030
77.4600	-0.0040
77.4800	-0.0050
77.5000	-0.0060
77.5200	-0.0070
77.5400	-0.0090
77.5600	-0.0110
77.5800	-0.0130
77.6000	-0.0130
77.6200	-0.0150
77.6400	-0.0150
77.6600	-0.0160
77.6800	-0.0170
77.7000	-0.0170
77.7200	-0.0170
77.7400	-0.0170
77.7600	-0.0170
77.7800	-0.0170
77.8000	-0.0170
77.8200	-0.0170
77.8400	-0.0160
77.8600	-0.0150
77.8800	-0.0140
77.9000	-0.0120
77.9200	-0.0110
77.9400	-0.0100
77.9600	-0.0090
77.9800	-0.0070
78.0000	-0.0060
78.0200	-0.0050
78.0400	-0.0030
78.0600	-0.0010
78.0800	0.0010
78.1000	0.0030
78.1200	0.0050
78.1400	0.0060
78.1600	0.0080
78.1800	0.0090
78.2000	0.0110
78.2200	0.0120
78.2400	0.0130
78.2600	0.0150
78.2800	0.0160
78.3000	0.0170
78.3200	0.0160
78.3400	0.0180
78.3600	0.0180
78.3800	0.0180
78.4000	0.0180
78.4200	0.0180
78.4400	0.0180
78.4600	0.0180
78.4800	0.0180
78.5000	0.0160
78.5200	0.0150
78.5400	0.0150
78.5600	0.0130
78.5800	0.0120
78.6000	0.0110
78.6200	0.0090
78.6400	0.0070
78.6600	0.0060
78.6800	0.0050
78.7000	0.0030
78.7200	0.0020
78.7400	-0.0010
78.7600	-0.0020
78.7800	-0.0040
78.8000	-0.0060
78.8200	-0.0080
78.8400	-0.0090
78.8600	-0.0110
78.8800	-0.0120
78.9000	-0.0120
78.9200	-0.0130
78.9400	-0.0150
78.9600	-0.0160
78.9800	-0.0160
79.0000	-0.0170
79.0200	-0.0170
79.0400	-0.0180
79.0600	-0.0190
79.0800	-0.0180
79.1000	-0.0170
79.1200	-0.0160
79.1400	-0.0160
79.1600	-0.0160
79.1800	-0.0150
79.2000	-0.0140
79.2200	-0.0130
79.2400	-0.0120
79.2600	-0.0100
79.2800	-0.0090
79.3000	-0.0060
79.3200	-0.0050
79.3400	-0.0030
79.3600	-0.0020
79.3800	-0.0010
79.4000	0.0010
79.4200	0.0030
79.4400	0.0040
79.4600	0.0070
79.4800	0.0080
79.5000	0.0100
79.5200	0.0110
79.5400	0.0120
79.5600	0.0130
79.5800	0.0150
79.6000	0.0160
79.6200	0.0160
79.6400	0.0170
79.6600	0.0180
79.6800	0.0190
79.7000	0.0180
79.7200	0.0180
79.7400	0.0180
79.7600	0.0180
79.7800	0.0180
79.8000	0.0170
79.8200	0.0160
79.8400	0.0150
79.8600	0.0150
79.8800	0.0130
79.9000	0.0120
79.9200	0.0100
79.9400	0.0090
79.9600	0.0070
79.9800	0.0060
80.0000	0.0040
80.0200	0.0020
80.0400	0.0000
80.0600	-0.0010
80.0800	-0.0030
80.1000	-0.0040
80.1200	-0.0060
80.1400	-0.0070
80.1600	-0.0090
80.1800	-0.0110
80.2000	-0.0120
80.2200	-0.0130
80.2400	-0.0150
80.2600	-0.0150
80.2800	-0.0160
80.3000	-0.0160
80.3200	-0.0160
80.3400	-0.0170
80.3600	-0.0170
80.3800	-0.0180
80.4000	-0.0170
80.4200	-0.0180
80.4400	-0.0170
80.4600	-0.0160
80.4800	-0.0160
80.5000	-0.0140
80.5200	-0.0130
80.5400	-0.0120
80.5600	-0.0110
80.5800	-0.0100
80.6000	-0.0090
80.6200	-0.0070
80.6400	-0.0050
80.6600	-0.0030
80.6800	-0.0020
80.7000	0.0010
80.7200	0.0020
80.7400	0.0040
80.7600	0.0050
80.7800	0.0070
80.8000	0.0090
80.8200	0.0100
80.8400	0.0110
80.8600	0.0130
80.8800	0.0140
80.9000	0.0150
80.9200	0.0160
80.9400	0.0170
80.9600	0.0180
80.9800	0.0180
81.0000	0.0180
81.0200	0.0180
81.0400	0.0190
81.0600	0.0180
81.0800	0.0180
81.1000	0.0170
81.1200	0.0170
81.1400	0.0160
81.1600	0.0150
81.1800	0.0140
81.2000	0.0130
81.2200	0.0110
81.2400	0.0100
81.2600	0.0090
81.2800	0.0070
81.3000	0.0060
81.3200	0.0040
81.3400	0.0020
81.3600	0.0000
81.3800	-0.0020
81.4000	-0.0030
81.4200	-0.0050
81.4400	-0.0070
81.4600	-0.0080
81.4800	-0.0090
81.5000	-0.0100
81.5200	-0.0110
81.5400	-0.0130
81.5600	-0.0140
81.5800	-0.0150
81.6000	-0.0160
81.6200	-0.0170
81.6400	-0.0180
81.6600	-0.0180
81.6800	-0.0180
81.7000	-0.0170
81.7200	-0.0170
81.7400	-0.0170
81.7600	-0.0160
81.7800	-0.0160
81.8000	-0.0160
81.8200	-0.0150
81.8400	-0.0140
81.8600	-0.0130
81.8800	-0.0110
81.9000	-0.0090
81.9200	-0.0070
81.9400	-0.0060
81.9600	-0.0050
81.9800	-0.0030
82.0000	-0.0020
82.0200	-0.0000
82.0400	0.0020
82.0600	0.0040
82.0800	0.0060
82.1000	0.0070
82.1200	0.0090
82.1400	0.0100
82.1600	0.0120
82.1800	0.0130
82.2000	0.0140
82.2200	0.0150
82.2400	0.0150
82.2600	0.0170
82.2800	0.0180
82.3000	0.0170
82.3200	0.0180
82.3400	0.0180
82.3600	0.0180
82.3800	0.0180
82.4000	0.0180
82.4200	0.0170
82.4400	0.0160
82.4600	0.0160
82.4800	0.0150
82.5000	0.0140
82.5200	0.0120
82.5400	0.0110
82.5600	0.0100
82.5800	0.0080
82.6000	0.0070
82.6200	0.0050
82.6400	0.0030
82.6600	0.0020
82.6800	0.0000
82.7000	-0.0010
82.7200	-0.0030
82.7400	-0.0050
82.7600	-0.0070
82.7800	-0.0080
82.8000	-0.0100
82.8200	-0.0120
82.8400	-0.0120
82.8600	-0.0140
82.8800	-0.0150
82.9000	-0.0150
82.9200	-0.0160
82.9400	-0.0170
82.9600	-0.0170
82.9800	-0.0180
83.0000	-0.0180
83.0200	-0.0180
83.0400	-0.0180
83.0600	-0.0170
83.0800	-0.0170
83.1000	-0.0150
83.1200	-0.0150
83.1400	-0.0140
83.1600	-0.0130
83.1800	-0.0120
83.2000	-0.0100
83.2200	-0.0090
83.2400	-0.0080
83.2600	-0.0070
83.2800	-0.0040
83.3000	-0.0020
83.3200	-0.0000
83.3400	0.0010
83.3600	0.0020
83.3800	0.0040
83.4000	0.0060
83.4200	0.0070
83.4400	0.0090
83.4600	0.0100
83.4800	0.0120
83.5000	0.0130
83.5200	0.0140
83.5400	0.0150
83.5600	0.0170
83.5800	0.0170
83.6000	0.0180
83.6200	0.0180
83.6400	0.0180
83.6600	0.0190
83.6800	0.0190
83.7000	0.0180
83.7200	0.0180
83.7400	0.0170
83.7600	0.0170
83.7800	0.0160
83.8000	0.0150
83.8200	0.0130
83.8400	0.0120
83.8600	0.0110
83.8800	0.0100
83.9000	0.0080
83.9200	0.0070
83.9400	0.0040
83.9600	0.0030
83.9800	0.0010
84.0000	-0.0010
84.0200	-0.0030
84.0400	-0.0050
84.0600	-0.0060
84.0800	-0.0070
84.1000	-0.0080
84.1200	-0.0090
84.1400	-0.0110
84.1600	-0.0130
84.1800	-0.0130
84.2000	-0.0150
84.2200	-0.0160
84.2400	-0.0170
84.2600	-0.0170
84.2800	-0.0180
84.3000	-0.0170
84.3200	-0.0170
84.3400	-0.0170
84.3600	-0.0170
84.3800	-0.0170
84.4000	-0.0160
84.4200	-0.0170
84.4400	-0.0160
84.4600	-0.0150
84.4800	-0.0130
84.5000	-0.0110
84.5200	-0.0100
84.5400	-0.0090
84.5600	-0.0070
84.5800	-0.0060
84.6000	-0.0040
84.6200	-0.0030
84.6400	-0.0020
84.6600	0.0010
84.6800	0.0030
84.7000	0.0050
84.7200	0.0060
84.7400	0.0080
84.7600	0.0090
84.7800	0.0110
84.8000	0.0120
84.8200	0.0130
84.8400	0.0140
84.8600	0.0160
84.8800	0.0170
84.9000	0.0170
84.9200	0.0170
84.9400	0.0180
84.9600	0.0180
84.9800	0.0190
85.0000	0.0180
85.0200	0.0180
85.0400	0.0170
85.0600	0.0170
85.0800	0.0170
85.1000	0.0150
85.1200	0.0140
85.1400	0.0130
85.1600	0.0120
85.1800	0.0110
85.2000	0.0090
85.2200	0.0070
85.2400	0.0050
85.2600	0.0040
85.2800	0.0030
85.3000	0.0020
85.3200	-0.0000
85.3400	-0.0020
85.3600	-0.0040
85.3800	-0.0060
85.4000	-0.0070
85.4200	-0.0090
85.4400	-0.0110
85.4600	-0.0120
85.4800	-0.0130
85.5000	-0.0130
85.5200	-0.0140
85.5400	-0.0160
85.5600	-0.0170
85.5800	-0.0170
85.6000	-0.0170
85.6200	-0.0190
85.6400	-0.0180
85.6600	-0.0180
85.6800	-0.0180
85.7000	-0.0160
85.7200	-0.0160
85.7400	-0.0150
85.7600	-0.0150
85.7800	-0.0140
85.8000	-0.0120
85.8200	-0.0120
85.8400	-0.0100
85.8600	-0.0090
85.8800	-0.0070
85.9000	-0.0050
85.9200	-0.0030
85.9400	-0.0020
85.9600	-0.0000
85.9800	0.0010
86.0000	0.0030
86.0200	0.0040
86.0400	0.0060
86.0600	0.0080
86.0800	0.0100
86.1000	0.0110
86.1200	0.0120
86.1400	0.0140
86.1600	0.0150
86.1800	0.0150
86.2000	0.0160
86.2200	0.0160
86.2400	0.0170
86.2600	0.0180
86.2800	0.0180
86.3000	0.0180
86.3200	0.0180
86.3400	0.0180
86.3600	0.0180
86.3800	0.0170
86.4000	0.0160
86.4200	0.0150
86.4400	0.0140
86.4600	0.0130
86.4800	0.0120
86.5000	0.0100
86.5200	0.0090
86.5400	0.0070
86.5600	0.0060
86.5800	0.0040
86.6000	0.0020
86.6200	0.0000
86.6400	-0.0020
86.6600	-0.0030
86.6800	-0.0050
86.7000	-0.0050
86.7200	-0.0070
86.7400	-0.0090
86.7600	-0.0100
86.7800	-0.0120
86.8000	-0.0130
86.8200	-0.0150
86.8400	-0.0160
86.8600	-0.0160
86.8800	-0.0160
86.9000	-0.0170
86.9200	-0.0170
86.9400	-0.0170
86.9600	-0.0180
86.9800	-0.0180
87.0000	-0.0160
87.0200	-0.0170
87.0400	-0.0160
87.0600	-0.0160
87.0800	-0.0140
87.1000	-0.0130
87.1200	-0.0120
87.1400	-0.0110
87.1600	-0.0100
87.1800	-0.0090
87.2000	-0.0070
87.2200	-0.0060
87.2400	-0.0040
87.2600	-0.0020
87.2800	-0.0000
87.3000	0.0020
87.3200	0.0040
87.3400	0.0050
87.3600	0.0070
87.3800	0.0080
87.4000	0.0100
87.4200	0.0110
87.4400	0.0120
87.4600	0.0140
87.4800	0.0160
87.5000	0.0160
87.5200	0.0160
87.5400	0.0170
87.5600	0.0170
87.5800	0.0190
87.6000	0.0190
87.6200	0.0180
87.6400	0.0180
87.6600	0.0180
87.6800	0.0180
87.7000	0.0170
87.7200	0.0160
87.7400	0.0150
87.7600	0.0140
87.7800	0.0130
87.8000	0.0120
87.8200	0.0090
87.8400	0.0080
87.8600	0.0070
87.8800	0.0050
87.9000	0.0040
87.9200	0.0030
87.9400	-0.0000
87.9600	-0.0020
87.9800	-0.0030
88.0000	-0.0050
88.0200	-0.0070
88.0400	-0.0090
88.0600	-0.0100
88.0800	-0.0110
88.1000	-0.0110
88.1200	-0.0130
88.1400	-0.0140
88.1600	-0.0150
88.1800	-0.0160
88.2000	-0.0160
88.2200	-0.0180
88.2400	-0.0180
88.2600	-0.0180
88.2800	-0.0180
88.3000	-0.0170
88.3200	-0.0170
88.3400	-0.0160
88.3600	-0.0160
88.3800	-0.0150
88.4000	-0.0150
88.4200	-0.0140
88.4400	-0.0120
88.4600	-0.0110
88.4800	-0.0100
88.5000	-0.0070
88.5200	-0.0060
88.5400	-0.0050
88.5600	-0.0030
88.5800	-0.0010
88.6000	0.0000
88.6200	0.0020
88.6400	0.0030
88.6600	0.0050
88.6800	0.0070
88.7000	0.0090
88.7200	0.0100
88.7400	0.0120
88.7600	0.0130
88.7800	0.0140
88.8000	0.0150
88.8200	0.0160
88.8400	0.0160
88.8600	0.0180
88.8800	0.0180
88.9000	0.0180
88.9200	0.0180
88.9400	0.0180
88.9600	0.0180
88.9800	0.0180
89.0000	0.0170
89.0200	0.0160
89.0400	0.0150
89.0600	0.0150
89.0800	0.0140
89.1000	0.0130
89.1200	0.0110
89.1400	0.0100
89.1600	0.0090
89.1800	0.0070
89.2000	0.0050
89.2200	0.0030
89.2400	0.0010
89.2600	-0.0000
89.2800	-0.0020
89.3000	-0.0030
89.3200	-0.0050
89.3400	-0.0070
89.3600	-0.0080
89.3800	-0.0100
89.4000	-0.0110
89.4200	-0.0130
89.4400	-0.0140
89.4600	-0.0140
89.4800	-0.0160
89.5000	-0.0150
89.5200	-0.0170
89.5400	-0.0180
89.5600	-0.0180
89.5800	-0.0170
89.6000	-0.0170
89.6200	-0.0170
89.6400	-0.0170
89.6600	-0.0170
89.6800	-0.0160
89.7000	-0.0150
89.7200	-0.0140
89.7400	-0.0130
89.7600	-0.0120
89.7800	-0.0100
89.8000	-0.0090
89.8200	-0.0080
89.8400	-0.0070
89.8600	-0.0040
89.8800	-0.0030
89.9000	-0.0000
89.9200	0.0010
89.9400	0.0030
89.9600	0.0040
89.9800	0.0050
90.0000	0.0070
90.0200	0.0090
90.0400	0.0100
90.0600	0.0120
90.0800	0.0130
90.1000	0.0140
90.1200	0.0150
90.1400	0.0160
90.1600	0.0170
90.1800	0.0170
90.2000	0.0180
90.2200	0.0180
90.2400	0.0180
90.2600	0.0190
90.2800	0.0180
90.3000	0.0170
90.3200	0.0170
90.3400	0.0160
90.3600	0.0150
90.3800	0.0150
90.4000	0.0140
90.4200	0.0120
90.4400	0.0100
90.4600	0.0090
90.4800	0.0080
90.5000	0.0060
90.5200	0.0050
90.5400	0.0030
90.5600	0.0010
90.5800	-0.0000
90.6000	-0.0020
90.6200	-0.0050
90.6400	-0.0060
90.6600	-0.0070
90.6800	-0.0080
90.7000	-0.0100
90.7200	-0.0110
90.7400	-0.0120
90.7600	-0.0130
90.7800	-0.0150
90.8000	-0.0160
90.8200	-0.0170
90.8400	-0.0170
90.8600	-0.0180
90.8800	-0.0180
90.9000	-0.0170
90.9200	-0.0170
90.9400	-0.0170
90.9600	-0.0170
90.9800	-0.0160
91.0000	-0.0160
91.0200	-0.0150
91.0400	-0.0150
91.0600	-0.0130
91.0800	-0.0120
91.1000	-0.0100
91.1200	-0.0080
91.1400	-0.0070
91.1600	-0.0060
91.1800	-0.0040
91.2000	-0.0020
91.2200	-0.0010
91.2400	0.0010
91.2600	0.0030
91.2800	0.0050
91.3000	0.0070
91.3200	0.0080
91.3400	0.0090
91.3600	0.0110
91.3800	0.0120
91.4000	0.0130
91.4200	0.0140
91.4400	0.0150
91.4600	0.0170
91.4800	0.0170
91.5000	0.0170
91.5200	0.0180
91.5400	0.0180
91.5600	0.0180
91.5800	0.0180
91.6000	0.0180
91.6200	0.0170
91.6400	0.0170
91.6600	0.0160
91.6800	0.0150
91.7000	0.0140
91.7200	0.0130
91.7400	0.0120
91.7600	0.0100
91.7800	0.0090
91.8000	0.0070
91.8200	0.0050
91.8400	0.0040
91.8600	0.0020
91.8800	0.0010
91.9000	-0.0000
91.9200	-0.0020
91.9400	-0.0040
91.9600	-0.0060
91.9800	-0.0080
92.0000	-0.0090
92.0200	-0.0110
92.0400	-0.0120
92.0600	-0.0130
92.0800	-0.0140
92.1000	-0.0140
92.1200	-0.0150
92.1400	-0.0160
92.1600	-0.0170
92.1800	-0.0170
92.2000	-0.0180
92.2200	-0.0180
92.2400	-0.0180
92.2600	-0.0180
92.2800	-0.0170
92.3000	-0.0160
92.3200	-0.0150
92.3400	-0.0150
92.3600	-0.0140
92.3800	-0.0130
92.4000	-0.0110
92.4200	-0.0110
92.4400	-0.0090
92.4600	-0.0070
92.4800	-0.0060
92.5000	-0.0030
92.5200	-0.0010
92.5400	0.0000
92.5600	0.0010
92.5800	0.0040
92.6000	0.0050
92.6200	0.0060
92.6400	0.0070
92.6600	0.0100
92.6800	0.0110
92.7000	0.0120
92.7200	0.0140
92.7400	0.0150
92.7600	0.0160
92.7800	0.0160
92.8000	0.0170
92.8200	0.0180
92.8400	0.0180
92.8600	0.0190
92.8800	0.0190
92.9000	0.0180
92.9200	0.0170
92.9400	0.0180
92.9600	0.0170
92.9800	0.0160
93.0000	0.0150
93.0200	0.0140
93.0400	0.0130
93.0600	0.0120
93.0800	0.0100
93.1000	0.0090
93.1200	0.0080
93.1400	0.0060
93.1600	0.0040
93.1800	0.0020
93.2000	0.0010
93.2200	-0.0020
93.2400	-0.0040
93.2600	-0.0050
93.2800	-0.0060
93.3000	-0.0070
93.3200	-0.0090
93.3400	-0.0110
93.3600	-0.0120
93.3800	-0.0130
93.4000	-0.0140
93.4200	-0.0150
93.4400	-0.0160
93.4600	-0.0170
93.4800	-0.0170
93.5000	-0.0170
93.5200	-0.0170
93.5400	-0.0170
93.5600	-0.0170
93.5800	-0.0170
93.6000	-0.0170
93.6200	-0.0160
93.6400	-0.0150
93.6600	-0.0150
93.6800	-0.0130
93.7000	-0.0110
93.7200	-0.0100
93.7400	-0.0100
93.7600	-0.0070
93.7800	-0.0060
93.8000	-0.0050
93.8200	-0.0040
93.8400	-0.0020
93.8600	0.0000
93.8800	0.0020
93.9000	0.0040
93.9200	0.0060
93.9400	0.0070
93.9600	0.0080
93.9800	0.0100
94.0000	0.0110
94.0200	0.0130
94.0400	0.0140
94.0600	0.0150
94.0800	0.0160
94.1000	0.0160
94.1200	0.0170
94.1400	0.0180
94.1600	0.0180
94.1800	0.0190
94.2000	0.0190
94.2200	0.0180
94.2400	0.0170
94.2600	0.0170
94.2800	0.0170
94.3000	0.0150
94.3200	0.0140
94.3400	0.0140
94.3600	0.0120
94.3800	0.0110
94.4000	0.0100
94.4200	0.0080
94.4400	0.0070
94.4600	0.0050
94.4800	0.0040
94.5000	0.0020
94.5200	0.0010
94.5400	-0.0020
94.5600	-0.0030
94.5800	-0.0050
94.6000	-0.0060
94.6200	-0.0090
94.6400	-0.0100
94.6600	-0.0110
94.6800	-0.0130
94.7000	-0.0130
94.7200	-0.0140
94.7400	-0.0150
94.7600	-0.0160
94.7800	-0.0160
94.8000	-0.0170
94.8200	-0.0180
94.8400	-0.0180
94.8600	-0.0180
94.8800	-0.0180
94.9000	-0.0160
94.9200	-0.0160
94.9400	-0.0160
94.9600	-0.0150
94.9800	-0.0140
95.0000	-0.0130
95.0200	-0.0130
95.0400	-0.0110
95.0600	-0.0100
95.0800	-0.0080
95.1000	-0.0060
95.1200	-0.0040
95.1400	-0.0030
95.1600	-0.0020
95.1800	0.0000
95.2000	0.0020
95.2200	0.0030
95.2400	0.0050
95.2600	0.0070
95.2800	0.0090
95.3000	0.0100
95.3200	0.0120
95.3400	0.0130
95.3600	0.0150
95.3800	0.0150
95.4000	0.0160
95.4200	0.0170
95.4400	0.0170
95.4600	0.0180
95.4800	0.0180
95.5000	0.0180
95.5200	0.0180
95.5400	0.0180
95.5600	0.0180
95.5800	0.0170
95.6000	0.0160
95.6200	0.0150
95.6400	0.0140
95.6600	0.0140
95.6800	0.0130
95.7000	0.0110
95.7200	0.0100
95.7400	0.0080
95.7600	0.0070
95.7800	0.0050
95.8000	0.0030
95.8200	0.0010
95.8400	-0.0010
95.8600	-0.0020
95.8800	-0.0040
95.9000	-0.0040
95.9200	-0.0060
95.9400	-0.0080
95.9600	-0.0100
95.9800	-0.0110
96.0000	-0.0130
96.0200	-0.0140
96.0400	-0.0150
96.0600	-0.0160
96.0800	-0.0170
96.1000	-0.0170
96.1200	-0.0170
96.1400	-0.0180
96.1600	-0.0170
96.1800	-0.0170
96.2000	-0.0170
96.2200	-0.0180
96.2400	-0.0170
96.2600	-0.0160
96.2800	-0.0150
96.3000	-0.0140
96.3200	-0.0130
96.3400	-0.0120
96.3600	-0.0100
96.3800	-0.0090
96.4000	-0.0080
96.4200	-0.0060
96.4400	-0.0050
96.4600	-0.0030
96.4800	-0.0000
96.5000	0.0010
96.5200	0.0030
96.5400	0.0040
96.5600	0.0060
96.5800	0.0080
96.6000	0.0090
96.6200	0.0100
96.6400	0.0120
96.6600	0.0130
96.6800	0.0140
96.7000	0.0150
96.7200	0.0160
96.7400	0.0160
96.7600	0.0180
96.7800	0.0180
96.8000	0.0180
96.8200	0.0180
96.8400	0.0180
96.8600	0.0180
96.8800	0.0180
96.9000	0.0170
96.9200	0.0160
96.9400	0.0150
96.9600	0.0140
96.9800	0.0130
97.0000	0.0120
97.0200	0.0100
97.0400	0.0090
97.0600	0.0080
97.0800	0.0060
97.1000	0.0050
97.1200	0.0030
97.1400	0.0010
97.1600	-0.0000
97.1800	-0.0020
97.2000	-0.0040
97.2200	-0.0060
97.2400	-0.0080
97.2600	-0.0090
97.2800	-0.0110
97.3000	-0.0110
97.3200	-0.0120
97.3400	-0.0130
97.3600	-0.0140
97.3800	-0.0160
97.4000	-0.0160
97.4200	-0.0170
97.4400	-0.0180
97.4600	-0.0180
97.4800	-0.0180
97.5000	-0.0170
97.5200	-0.0170
97.5400	-0.0170
97.5600	-0.0160
97.5800	-0.0160
97.6000	-0.0150
97.6200	-0.0140
97.6400	-0.0140
97.6600	-0.0120
97.6800	-0.0100
97.7000	-0.0080
97.7200	-0.0060
97.7400	-0.0050
97.7600	-0.0040
97.7800	-0.0020
97.8000	-0.0000
97.8200	0.0010
97.8400	0.0030
97.8600	0.0050
97.8800	0.0060
97.9000	0.0080
97.9200	0.0090
97.9400	0.0100
97.9600	0.0120
97.9800	0.0140
98.0000	0.0150
98.0200	0.0150
98.0400	0.0160
98.0600	0.0170
98.0800	0.0180
98.1000	0.0180
98.1200	0.0180
98.1400	0.0180
98.1600	0.0180
98.1800	0.0190
98.2000	0.0180
98.2200	0.0160
98.2400	0.0160
98.2600	0.0150
98.2800	0.0150
98.3000	0.0130
98.3200	0.0120
98.3400	0.0110
98.3600	0.0090
98.3800	0.0080
98.4000	0.0060
98.4200	0.0030
98.4400	0.0020
98.4600	0.0010
98.4800	-0.0010
98.5000	-0.0020
98.5200	-0.0040
98.5400	-0.0060
98.5600	-0.0070
98.5800	-0.0090
98.6000	-0.0100
98.6200	-0.0120
98.6400	-0.0140
98.6600	-0.0140
98.6800	-0.0160
98.7000	-0.0150
98.7200	-0.0160
98.7400	-0.0170
98.7600	-0.0170
98.7800	-0.0170
98.8000	-0.0180
98.8200	-0.0180
98.8400	-0.0180
98.8600	-0.0170
98.8800	-0.0170
98.9000	-0.0150
98.9200	-0.0140
98.9400	-0.0140
98.9600	-0.0120
98.9800	-0.0110
99.0000	-0.0100
99.0200	-0.0090
99.0400	-0.0070
99.0600	-0.0050
99.0800	-0.0030
99.1000	-0.0010
99.1200	0.0010
99.1400	0.0010
99.1600	0.0030
99.1800	0.0050
99.2000	0.0070
99.2200	0.0080
99.2400	0.0090
99.2600	0.0110
99.2800	0.0120
99.3000	0.0140
99.3200	0.0150
99.3400	0.0150
99.3600	0.0160
99.3800	0.0170
99.4000	0.0170
99.4200	0.0180
99.4400	0.0180
99.4600	0.0190
99.4800	0.0180
99.5000	0.0180
99.5200	0.0170
99.5400	0.0170
99.5600	0.0160
99.5800	0.0150
99.6000	0.0140
99.6200	0.0120
99.6400	0.0120
99.6600	0.0110
99.6800	0.0090
99.7000	0.0070
99.7200	0.0060
99.7400	0.0040
99.7600	0.0020
99.7800	0.0000
99.8000	-0.0020
99.8200	-0.0040
99.8400	-0.0050
99.8600	-0.0060
99.8800	-0.0080
99.9000	-0.0090
99.9200	-0.0100
99.9400	-0.0120
99.9600	-0.0130
99.9800	-0.0140
100.0000	-0.0150
100.0200	-0.0160
100.0400	-0.0170
100.0600	-0.0170
100.0800	-0.0180
100.1000	-0.0170
100.1200	-0.0170
100.1400	-0.0170
100.1600	-0.0170
100.1800	-0.0160
100.2000	-0.0160
100.2200	-0.0160
100.2400	-0.0150
100.2600	-0.0140
100.2800	-0.0120
100.3000	-0.0100
100.3200	-0.0090
100.3400	-0.0080
100.3600	-0.0050
100.3800	-0.0050
100.4000	-0.0030
100.4200	-0.0020
100.4400	-0.0010
100.4600	0.0020
100.4800	0.0040
100.5000	0.0060
100.5200	0.0070
100.5400	0.0090
100.5600	0.0100
100.5800	0.0120
100.6000	0.0130
100.6200	0.0140
100.6400	0.0150
100.6600	0.0160
100.6800	0.0170
100.7000	0.0170
100.7200	0.0170
100.7400	0.0180
100.7600	0.0180
100.7800	0.0190
100.8000	0.0180
100.8200	0.0170
100.8400	0.0170
100.8600	0.0170
100.8800	0.0160
100.9000	0.0150
100.9200	0.0140
100.9400	0.0120
100.9600	0.0120
100.9800	0.0100
101.0000	0.0090
101.0200	0.0060
101.0400	0.0050
101.0600	0.0030
101.0800	0.0020
101.1000	0.0000
101.1200	-0.0010
101.1400	-0.0040
101.1600	-0.0050
101.1800	-0.0070
101.2000	-0.0080
101.2200	-0.0100
101.2400	-0.0120
101.2600	-0.0120
101.2800	-0.0140
101.3000	-0.0140
101.3200	-0.0150
101.3400	-0.0160
101.3600	-0.0160
101.3800	-0.0170
101.4000	-0.0170
101.4200	-0.0180
101.4400	-0.0180
101.4600	-0.0180
101.4800	-0.0180
101.5000	-0.0160
101.5200	-0.0160
101.5400	-0.0150
101.5600	-0.0140
101.5800	-0.0130
101.6000	-0.0120
101.6200	-0.0110
101.6400	-0.0100
101.6600	-0.0080
101.6800	-0.0070
101.7000	-0.0040
101.7200	-0.0020
101.7400	-0.0010
101.7600	0.0010
101.7800	0.0030
101.8000	0.0040
101.8200	0.0050
101.8400	0.0070
101.8600	0.0090
101.8800	0.0110
101.9000	0.0120
101.9200	0.0130
101.9400	0.0140
101.9600	0.0150
101.9800	0.0160
102.0000	0.0170
102.0200	0.0170
102.0400	0.0170
102.0600	0.0180
102.0800	0.0180
102.1000	0.0180
102.1200	0.0180
102.1400	0.0180
102.1600	0.0170
102.1800	0.0170
102.2000	0.0160
102.2200	0.0140
102.2400	0.0130
102.2600	0.0120
102.2800	0.0110
102.3000	0.0100
102.3200	0.0090
102.3400	0.0070
102.3600	0.0050
102.3800	0.0030
102.4000	0.0020
102.4200	-0.0010
102.4400	-0.0020
102.4600	-0.0030
102.4800	-0.0060
102.5000	-0.0060
102.5200	-0.0080
102.5400	-0.0090
102.5600	-0.0110
102.5800	-0.0130
102.6000	-0.0140
102.6200	-0.0150
102.6400	-0.0160
102.6600	-0.0170
102.6800	-0.0170
102.7000	-0.0170
102.7200	-0.0170
102.7400	-0.0170
102.7600	-0.0180
102.7800	-0.0170
102.8000	-0.0170
102.8200	-0.0170
102.8400	-0.0160
102.8600	-0.0150
102.8800	-0.0140
102.9000	-0.0130
102.9200	-0.0110
102.9400	-0.0100
102.9600	-0.0090
102.9800	-0.0080
103.0000	-0.0060
103.0200	-0.0050
103.0400	-0.0030
103.0600	-0.0010
103.0800	0.0010
103.1000	0.0030
103.1200	0.0040
103.1400	0.0060
103.1600	0.0070
103.1800	0.0090
103.2000	0.0110
103.2200	0.0120
103.2400	0.0130
103.2600	0.0150
103.2800	0.0160
103.3000	0.0160
103.3200	0.0170
103.3400	0.0170
103.3600	0.0180
103.3800	0.0190
103.4000	0.0190
103.4200	0.0180
103.4400	0.0180
103.4600	0.0180
103.4800	0.0170
103.5000	0.0160
103.5200	0.0150
103.5400	0.0140
103.5600	0.0130
103.5800	0.0120
103.6000	0.0110
103.6200	0.0090
103.6400	0.0070
103.6600	0.0060
103.6800	0.0050
103.7000	0.0030
103.7200	0.0010
103.7400	-0.0010
103.7600	-0.0020
103.7800	-0.0040
103.8000	-0.0050
103.8200	-0.0080
103.8400	-0.0090
103.8600	-0.0100
103.8800	-0.0120
103.9000	-0.0120
103.9200	-0.0130
103.9400	-0.0150
103.9600	-0.0150
103.9800	-0.0160
104.0000	-0.0170
104.0200	-0.0180
104.0400	-0.0180
104.0600	-0.0180
104.0800	-0.0180
104.1000	-0.0170
104.1200	-0.0170
104.1400	-0.0160
104.1600	-0.0150
104.1800	-0.0150
104.2000	-0.0140
104.2200	-0.0130
104.2400	-0.0120
104.2600	-0.0100
104.2800	-0.0090
104.3000	-0.0070
104.3200	-0.0050
104.3400	-0.0040
104.3600	-0.0020
104.3800	-0.0010
104.4000	0.0010
104.4200	0.0020
104.4400	0.0040
104.4600	0.0070
104.4800	0.0090
104.5000	0.0100
104.5200	0.0110
104.5400	0.0120
104.5600	0.0140
104.5800	0.0150
104.6000	0.0160
104.6200	0.0160
104.6400	0.0170
104.6600	0.0180
104.6800	0.0190
104.7000	0.0180
104.7200	0.0180
104.7400	0.0190
104.7600	0.0180
104.7800	0.0180
104.8000	0.0170
104.8200	0.0160
104.8400	0.0150
104.8600	0.0150
104.8800	0.0130
104.9000	0.0120
104.9200	0.0100
104.9400	0.0090
104.9600	0.0070
104.9800	0.0060
105.0000	0.0040
105.0200	0.0020
105.0400	0.0000
105.0600	-0.0010
105.0800	-0.0030
105.1000	-0.0030
105.1200	-0.0050
105.1400	-0.0080
105.1600	-0.0090
105.1800	-0.0100
105.2000	-0.0110
105.2200	-0.0140
105.2400	-0.0150
105.2600	-0.0160
105.2800	-0.0160
105.3000	-0.0160
105.3200	-0.0170
105.3400	-0.0170
105.3600	-0.0170
105.3800	-0.0170
105.4000	-0.0170
105.4200	-0.0180
105.4400	-0.0180
105.4600	-0.0170
105.4800	-0.0160
105.5000	-0.0140
105.5200	-0.0130
105.5400	-0.0120
105.5600	-0.0110
105.5800	-0.0100
105.6000	-0.0080
105.6200	-0.0070
105.6400	-0.0060
105.6600	-0.0040
105.6800	-0.0020
105.7000	0.0010
105.7200	0.0020
105.7400	0.0030
105.7600	0.0050
105.7800	0.0070
105.8000	0.0080
105.8200	0.0090
105.8400	0.0110
105.8600	0.0130
105.8800	0.0140
105.9000	0.0150
105.9200	0.0160
105.9400	0.0170
105.9600	0.0170
105.9800	0.0180
106.0000	0.0180
106.0200	0.0180
106.0400	0.0180
106.0600	0.0180
106.0800	0.0180
106.1000	0.0170
106.1200	0.0160
106.1400	0.0160
106.1600	0.0150
106.1800	0.0150
106.2000	0.0130
106.2200	0.0110
106.2400	0.0100
106.2600	0.0090
106.2800	0.0070
106.3000	0.0060
106.3200	0.0040
106.3400	0.0020
106.3600	0.0010
106.3800	-0.0010
106.4000	-0.0030
106.4200	-0.0050
106.4400	-0.0070
106.4600	-0.0080
106.4800	-0.0090
106.5000	-0.0100
106.5200	-0.0110
106.5400	-0.0130
106.5600	-0.0140
106.5800	-0.0150
106.6000	-0.0160
106.6200	-0.0170
106.6400	-0.0180
106.6600	-0.0180
106.6800	-0.0180
106.7000	-0.0170
106.7200	-0.0170
106.7400	-0.0170
106.7600	-0.0160
106.7800	-0.0160
106.8000	-0.0150
106.8200	-0.0150
106.8400	-0.0140
106.8600	-0.0120
106.8800	-0.0110
106.9000	-0.0080
106.9200	-0.0070
106.9400	-0.0060
106.9600	-0.0050
106.9800	-0.0030
107.0000	-0.0020
107.0200	-0.0000
107.0400	0.0020
107.0600	0.0040
107.0800	0.0050
107.1000	0.0070
107.1200	0.0090
107.1400	0.0100
107.1600	0.0110
107.1800	0.0130
107.2000	0.0140
107.2200	0.0150
107.2400	0.0150
107.2600	0.0170
107.2800	0.0180
107.3000	0.0180
107.3200	0.0180
107.3400	0.0180
107.3600	0.0190
107.3800	0.0190
107.4000	0.0180
107.4200	0.0170
107.4400	0.0160
107.4600	0.0160
107.4800	0.0140
107.5000	0.0140
107.5200	0.0120
107.5400	0.0110
107.5600	0.0100
107.5800	0.0080
107.6000	0.0070
107.6200	0.0050
107.6400	0.0030
107.6600	0.0020
107.6800	0.0000
107.7000	-0.0010
107.7200	-0.0030
107.7400	-0.0050
107.7600	-0.0070
107.7800	-0.0080
107.8000	-0.0090
107.8200	-0.0110
107.8400	-0.0130
107.8600	-0.0140
107.8800	-0.0150
107.9000	-0.0150
107.9200	-0.0150
107.9400	-0.0170
107.9600	-0.0170
107.9800	-0.0170
108.0000	-0.0170
108.0200	-0.0180
108.0400	-0.0180
108.0600	-0.0180
108.0800	-0.0170
108.1000	-0.0150
108.1200	-0.0140
108.1400	-0.0140
108.1600	-0.0140
108.1800	-0.0120
108.2000	-0.0110
108.2200	-0.0090
108.2400	-0.0080
108.2600	-0.0060
108.2800	-0.0040
108.3000	-0.0020
108.3200	-0.0010
108.3400	0.0010
108.3600	0.0020
108.3800	0.0040
108.4000	0.0050
108.4200	0.0070
108.4400	0.0080
108.4600	0.0110
108.4800	0.0120
108.5000	0.0130
108.5200	0.0140
108.5400	0.0150
108.5600	0.0160
108.5800	0.0170
108.6000	0.0180
108.6200	0.0180
108.6400	0.0180
108.6600	0.0180
108.6800	0.0190
108.7000	0.0180
108.7200	0.0180
108.7400	0.0170
108.7600	0.0170
108.7800	0.0160
108.8000	0.0150
108.8200	0.0130
108.8400	0.0120
108.8600	0.0110
108.8800	0.0100
108.9000	0.0080
108.9200	0.0060
108.9400	0.0050
108.9600	0.0030
108.9800	0.0020
109.0000	0.0000
109.0200	-0.0020
109.0400	-0.0040
109.0600	-0.0050
109.0800	-0.0070
109.1000	-0.0080
109.1200	-0.0090
109.1400	-0.0110
109.1600	-0.0130
109.1800	-0.0140
109.2000	-0.0150
109.2200	-0.0160
109.2400	-0.0170
109.2600	-0.0170
109.2800	-0.0180
109.3000	-0.0170
109.3200	-0.0170
109.3400	-0.0180
109.3600	-0.0170
109.3800	-0.0170
109.4000	-0.0160
109.4200	-0.0160
109.4400	-0.0160
109.4600	-0.0140
109.4800	-0.0130
109.5000	-0.0110
109.5200	-0.0100
109.5400	-0.0090
109.5600	-0.0070
109.5800	-0.0060
109.6000	-0.0040
109.6200	-0.0030
109.6400	-0.0010
109.6600	0.0010
109.6800	0.0030
109.7000	0.0050
109.7200	0.0060
109.7400	0.0080
109.7600	0.0090
109.7800	0.0110
109.8000	0.0120
109.8200	0.0130
109.8400	0.0140
109.8600	0.0160
109.8800	0.0170
109.9000	0.0170
109.9200	0.0170
109.9400	0.0180
109.9600	0.0180
109.9800	0.0180
110.0000	0.0180
110.0200	0.0180
110.0400	0.0170
110.0600	0.0170
110.0800	0.0170
110.1000	0.0150
110.1200	0.0150
110.1400	0.0130
110.1600	0.0120
110.1800	0.0110
110.2000	0.0100
110.2200	0.0080
110.2400	0.0060
110.2600	0.0040
110.2800	0.0030
110.3000	0.0010
110.3200	-0.0000
110.3400	-0.0030
110.3600	-0.0040
110.3800	-0.0060
110.4000	-0.0070
110.4200	-0.0090
110.4400	-0.0110
110.4600	-0.0120
110.4800	-0.0130
110.5000	-0.0130
110.5200	-0.0140
110.5400	-0.0160
110.5600	-0.0160
110.5800	-0.0170
110.6000	-0.0170
110.6200	-0.0180
110.6400	-0.0180
110.6600	-0.0180
110.6800	-0.0170
110.7000	-0.0160
110.7200	-0.0160
110.7400	-0.0150
110.7600	-0.0140
110.7800	-0.0140
110.8000	-0.0130
110.8200	-0.0120
110.8400	-0.0110
110.8600	-0.0090
110.8800	-0.0070
110.9000	-0.0050
110.9200	-0.0030
110.9400	-0.0020
110.9600	-0.0010
110.9800	0.0020
111.0000	0.0030
111.0200	0.0040
111.0400	0.0060
111.0600	0.0080
111.0800	0.0100
111.1000	0.0110
111.1200	0.0120
111.1400	0.0140
111.1600	0.0150
111.1800	0.0150
111.2000	0.0170
111.2200	0.0170
111.2400	0.0170
111.2600	0.0180
111.2800	0.0190
