LDM 42E measurement:
Do, 4. Mai 2017
10:21:46
0.0200	0.0060
0.0400	0.0060
0.0600	0.0070
0.0800	0.0070
0.1000	0.0070
0.1200	0.0070
0.1400	0.0060
0.1600	0.0060
0.1800	0.0060
0.2000	0.0050
0.2200	0.0040
0.2400	0.0030
0.2600	0.0020
0.2800	0.0030
0.3000	0.0020
0.3200	0.0020
0.3400	0.0010
0.3600	0.0000
0.3800	-0.0010
0.4000	-0.0010
0.4200	-0.0020
0.4400	-0.0030
0.4600	-0.0030
0.4800	-0.0030
0.5000	-0.0040
0.5200	-0.0040
0.5400	-0.0040
0.5600	-0.0060
0.5800	-0.0060
0.6000	-0.0060
0.6200	-0.0070
0.6400	-0.0080
0.6600	-0.0080
0.6800	-0.0080
0.7000	-0.0080
0.7200	-0.0070
0.7400	-0.0080
0.7600	-0.0080
0.7800	-0.0080
0.8000	-0.0080
0.8200	-0.0080
0.8400	-0.0090
0.8600	-0.0080
0.8800	-0.0080
0.9000	-0.0080
0.9200	-0.0070
0.9400	-0.0070
0.9600	-0.0070
0.9800	-0.0060
1.0000	-0.0060
1.0200	-0.0050
1.0400	-0.0060
1.0600	-0.0050
1.0800	-0.0040
1.1000	-0.0040
1.1200	-0.0020
1.1400	-0.0020
1.1600	-0.0020
1.1800	-0.0010
1.2000	-0.0010
1.2200	0.0000
1.2400	0.0000
1.2600	0.0010
1.2800	0.0020
1.3000	0.0020
1.3200	0.0030
1.3400	0.0040
1.3600	0.0040
1.3800	0.0040
1.4000	0.0050
1.4200	0.0050
1.4400	0.0050
1.4600	0.0060
1.4800	0.0060
1.5000	0.0060
1.5200	0.0070
1.5400	0.0080
1.5600	0.0070
1.5800	0.0070
1.6000	0.0080
1.6200	0.0080
1.6400	0.0070
1.6600	0.0070
1.6800	0.0080
1.7000	0.0080
1.7200	0.0080
1.7400	0.0080
1.7600	0.0070
1.7800	0.0070
1.8000	0.0070
1.8200	0.0070
1.8400	0.0060
1.8600	0.0050
1.8800	0.0060
1.9000	0.0060
1.9200	0.0050
1.9400	0.0050
1.9600	0.0040
1.9800	0.0040
2.0000	0.0030
2.0200	0.0030
2.0400	0.0020
2.0600	0.0010
2.0800	0.0010
2.1000	0.0000
2.1200	0.0000
2.1400	-0.0000
2.1600	-0.0010
2.1800	-0.0020
2.2000	-0.0020
2.2200	-0.0030
2.2400	-0.0040
2.2600	-0.0050
2.2800	-0.0040
2.3000	-0.0050
2.3200	-0.0050
2.3400	-0.0050
2.3600	-0.0060
2.3800	-0.0060
2.4000	-0.0070
2.4200	-0.0070
2.4400	-0.0080
2.4600	-0.0080
2.4800	-0.0080
2.5000	-0.0080
2.5200	-0.0070
2.5400	-0.0070
2.5600	-0.0080
2.5800	-0.0080
2.6000	-0.0080
2.6200	-0.0080
2.6400	-0.0080
2.6600	-0.0080
2.6800	-0.0070
2.7000	-0.0070
2.7200	-0.0060
2.7400	-0.0060
2.7600	-0.0060
2.7800	-0.0050
2.8000	-0.0050
2.8200	-0.0040
2.8400	-0.0050
2.8600	-0.0040
2.8800	-0.0030
2.9000	-0.0020
2.9200	-0.0010
2.9400	-0.0010
2.9600	-0.0010
2.9800	-0.0000
3.0000	0.0010
3.0200	0.0010
3.0400	0.0010
3.0600	0.0010
3.0800	0.0030
3.1000	0.0030
3.1200	0.0040
3.1400	0.0040
3.1600	0.0040
3.1800	0.0050
3.2000	0.0050
3.2200	0.0060
3.2400	0.0050
3.2600	0.0060
3.2800	0.0070
3.3000	0.0070
3.3200	0.0070
3.3400	0.0070
3.3600	0.0070
3.3800	0.0070
3.4000	0.0070
3.4200	0.0080
3.4400	0.0070
3.4600	0.0070
3.4800	0.0080
3.5000	0.0080
3.5200	0.0080
3.5400	0.0070
3.5600	0.0070
3.5800	0.0070
3.6000	0.0070
3.6200	0.0070
3.6400	0.0060
3.6600	0.0050
3.6800	0.0060
3.7000	0.0050
3.7200	0.0050
3.7400	0.0040
3.7600	0.0030
3.7800	0.0030
3.8000	0.0030
3.8200	0.0020
3.8400	0.0010
3.8600	0.0000
3.8800	0.0000
3.9000	-0.0010
3.9200	-0.0000
3.9400	-0.0010
3.9600	-0.0020
3.9800	-0.0020
4.0000	-0.0030
4.0200	-0.0030
4.0400	-0.0040
4.0600	-0.0050
4.0800	-0.0050
4.1000	-0.0060
4.1200	-0.0050
4.1400	-0.0060
4.1600	-0.0060
4.1800	-0.0070
4.2000	-0.0080
4.2200	-0.0070
4.2400	-0.0080
4.2600	-0.0080
4.2800	-0.0080
4.3000	-0.0080
4.3200	-0.0070
4.3400	-0.0080
4.3600	-0.0080
4.3800	-0.0080
4.4000	-0.0080
4.4200	-0.0070
4.4400	-0.0080
4.4600	-0.0070
4.4800	-0.0070
4.5000	-0.0060
4.5200	-0.0060
4.5400	-0.0050
4.5600	-0.0050
4.5800	-0.0050
4.6000	-0.0040
4.6200	-0.0030
4.6400	-0.0040
4.6600	-0.0030
4.6800	-0.0020
4.7000	-0.0020
4.7200	-0.0000
4.7400	0.0000
4.7600	-0.0000
4.7800	0.0010
4.8000	0.0010
4.8200	0.0020
4.8400	0.0020
4.8600	0.0020
4.8800	0.0030
4.9000	0.0040
4.9200	0.0050
4.9400	0.0050
4.9600	0.0050
4.9800	0.0060
5.0000	0.0060
5.0200	0.0070
5.0400	0.0060
5.0600	0.0060
5.0800	0.0070
5.1000	0.0070
5.1200	0.0080
5.1400	0.0080
5.1600	0.0080
5.1800	0.0080
5.2000	0.0080
5.2200	0.0080
5.2400	0.0070
5.2600	0.0070
5.2800	0.0080
5.3000	0.0080
5.3200	0.0080
5.3400	0.0070
5.3600	0.0070
5.3800	0.0060
5.4000	0.0060
5.4200	0.0060
5.4400	0.0050
5.4600	0.0040
5.4800	0.0040
5.5000	0.0040
5.5200	0.0040
5.5400	0.0030
5.5600	0.0020
5.5800	0.0020
5.6000	0.0010
5.6200	0.0010
5.6400	-0.0010
5.6600	-0.0020
5.6800	-0.0010
5.7000	-0.0020
5.7200	-0.0020
5.7400	-0.0020
5.7600	-0.0040
5.7800	-0.0040
5.8000	-0.0040
5.8200	-0.0050
5.8400	-0.0060
5.8600	-0.0060
5.8800	-0.0060
5.9000	-0.0070
5.9200	-0.0070
5.9400	-0.0070
5.9600	-0.0070
5.9800	-0.0080
6.0000	-0.0080
6.0200	-0.0080
6.0400	-0.0080
6.0600	-0.0090
6.0800	-0.0090
6.1000	-0.0090
6.1200	-0.0070
6.1400	-0.0080
6.1600	-0.0080
6.1800	-0.0070
6.2000	-0.0070
6.2200	-0.0070
6.2400	-0.0070
6.2600	-0.0070
6.2800	-0.0060
6.3000	-0.0060
6.3200	-0.0040
6.3400	-0.0040
6.3600	-0.0040
6.3800	-0.0040
6.4000	-0.0030
6.4200	-0.0020
6.4400	-0.0030
6.4600	-0.0010
6.4800	-0.0010
6.5000	0.0000
6.5200	0.0010
6.5400	0.0010
6.5600	0.0010
6.5800	0.0030
6.6000	0.0030
6.6200	0.0030
6.6400	0.0040
6.6600	0.0030
6.6800	0.0050
6.7000	0.0050
6.7200	0.0060
6.7400	0.0060
6.7600	0.0070
6.7800	0.0070
6.8000	0.0070
6.8200	0.0070
6.8400	0.0080
6.8600	0.0070
6.8800	0.0080
6.9000	0.0080
6.9200	0.0080
6.9400	0.0090
6.9600	0.0080
6.9800	0.0090
7.0000	0.0080
7.0200	0.0080
7.0400	0.0080
7.0600	0.0080
7.0800	0.0070
7.1000	0.0070
7.1200	0.0070
7.1400	0.0060
7.1600	0.0060
7.1800	0.0050
7.2000	0.0050
7.2200	0.0040
7.2400	0.0040
7.2600	0.0030
7.2800	0.0040
7.3000	0.0030
7.3200	0.0020
7.3400	0.0020
7.3600	0.0010
7.3800	0.0000
7.4000	0.0000
7.4200	-0.0010
7.4400	-0.0020
7.4600	-0.0030
7.4800	-0.0030
7.5000	-0.0040
7.5200	-0.0030
7.5400	-0.0040
7.5600	-0.0050
7.5800	-0.0050
7.6000	-0.0060
7.6200	-0.0060
7.6400	-0.0070
7.6600	-0.0070
7.6800	-0.0070
7.7000	-0.0080
7.7200	-0.0070
7.7400	-0.0080
7.7600	-0.0080
7.7800	-0.0080
7.8000	-0.0080
7.8200	-0.0080
7.8400	-0.0090
7.8600	-0.0090
7.8800	-0.0090
7.9000	-0.0080
7.9200	-0.0070
7.9400	-0.0070
7.9600	-0.0070
7.9800	-0.0070
8.0000	-0.0060
8.0200	-0.0060
8.0400	-0.0060
8.0600	-0.0060
8.0800	-0.0050
8.1000	-0.0040
8.1200	-0.0030
8.1400	-0.0020
8.1600	-0.0030
8.1800	-0.0020
8.2000	-0.0010
8.2200	-0.0010
8.2400	-0.0010
8.2600	-0.0000
8.2800	0.0010
8.3000	0.0010
8.3200	0.0020
8.3400	0.0030
8.3600	0.0030
8.3800	0.0030
8.4000	0.0040
8.4200	0.0050
8.4400	0.0050
8.4600	0.0050
8.4800	0.0060
8.5000	0.0060
8.5200	0.0070
8.5400	0.0070
8.5600	0.0070
8.5800	0.0070
8.6000	0.0080
8.6200	0.0080
8.6400	0.0070
8.6600	0.0070
8.6800	0.0080
8.7000	0.0080
8.7200	0.0080
8.7400	0.0080
8.7600	0.0080
8.7800	0.0080
8.8000	0.0080
8.8200	0.0070
8.8400	0.0060
8.8600	0.0060
8.8800	0.0060
8.9000	0.0060
8.9200	0.0060
8.9400	0.0060
8.9600	0.0050
8.9800	0.0040
9.0000	0.0040
9.0200	0.0030
9.0400	0.0020
9.0600	0.0010
9.0800	0.0020
9.1000	0.0010
9.1200	0.0010
9.1400	0.0010
9.1600	-0.0000
9.1800	-0.0010
9.2000	-0.0010
9.2200	-0.0020
9.2400	-0.0030
9.2600	-0.0030
9.2800	-0.0040
9.3000	-0.0040
9.3200	-0.0040
9.3400	-0.0050
9.3600	-0.0050
9.3800	-0.0060
9.4000	-0.0070
9.4200	-0.0070
9.4400	-0.0080
9.4600	-0.0080
9.4800	-0.0080
9.5000	-0.0080
9.5200	-0.0070
9.5400	-0.0080
9.5600	-0.0080
9.5800	-0.0080
9.6000	-0.0080
9.6200	-0.0070
9.6400	-0.0080
9.6600	-0.0080
9.6800	-0.0070
9.7000	-0.0070
9.7200	-0.0060
9.7400	-0.0060
9.7600	-0.0060
9.7800	-0.0060
9.8000	-0.0050
9.8200	-0.0040
9.8400	-0.0050
9.8600	-0.0040
9.8800	-0.0030
9.9000	-0.0030
9.9200	-0.0020
9.9400	-0.0010
9.9600	-0.0010
9.9800	-0.0010
10.0000	-0.0000
10.0200	0.0010
10.0400	0.0010
10.0600	0.0010
10.0800	0.0020
10.1000	0.0030
10.1200	0.0030
10.1400	0.0040
10.1600	0.0040
10.1800	0.0050
10.2000	0.0050
10.2200	0.0050
10.2400	0.0050
10.2600	0.0060
10.2800	0.0070
10.3000	0.0070
10.3200	0.0070
10.3400	0.0070
10.3600	0.0070
10.3800	0.0080
10.4000	0.0080
10.4200	0.0070
10.4400	0.0070
10.4600	0.0070
10.4800	0.0080
10.5000	0.0080
10.5200	0.0080
10.5400	0.0070
10.5600	0.0070
10.5800	0.0070
10.6000	0.0070
10.6200	0.0070
10.6400	0.0060
10.6600	0.0050
10.6800	0.0050
10.7000	0.0050
10.7200	0.0050
10.7400	0.0040
10.7600	0.0040
10.7800	0.0030
10.8000	0.0030
10.8200	0.0020
10.8400	0.0010
10.8600	0.0010
10.8800	0.0010
10.9000	0.0000
10.9200	-0.0000
10.9400	-0.0000
10.9600	-0.0010
10.9800	-0.0020
11.0000	-0.0020
11.0200	-0.0030
11.0400	-0.0040
11.0600	-0.0050
11.0800	-0.0050
11.1000	-0.0050
11.1200	-0.0050
11.1400	-0.0060
11.1600	-0.0060
11.1800	-0.0060
11.2000	-0.0070
11.2200	-0.0070
11.2400	-0.0080
11.2600	-0.0090
11.2800	-0.0080
11.3000	-0.0080
11.3200	-0.0080
11.3400	-0.0080
11.3600	-0.0080
11.3800	-0.0080
11.4000	-0.0080
11.4200	-0.0070
11.4400	-0.0080
11.4600	-0.0070
11.4800	-0.0070
11.5000	-0.0060
11.5200	-0.0050
11.5400	-0.0050
11.5600	-0.0050
11.5800	-0.0050
11.6000	-0.0050
11.6200	-0.0040
11.6400	-0.0040
11.6600	-0.0030
11.6800	-0.0030
11.7000	-0.0020
11.7200	-0.0010
11.7400	-0.0000
11.7600	-0.0000
11.7800	0.0000
11.8000	0.0010
11.8200	0.0010
11.8400	0.0010
11.8600	0.0020
11.8800	0.0030
11.9000	0.0030
11.9200	0.0040
11.9400	0.0050
11.9600	0.0050
11.9800	0.0050
12.0000	0.0060
12.0200	0.0060
12.0400	0.0060
12.0600	0.0060
12.0800	0.0070
12.1000	0.0080
12.1200	0.0070
12.1400	0.0080
12.1600	0.0080
12.1800	0.0080
12.2000	0.0080
12.2200	0.0070
12.2400	0.0080
12.2600	0.0080
12.2800	0.0080
12.3000	0.0080
12.3200	0.0080
12.3400	0.0070
12.3600	0.0070
12.3800	0.0060
12.4000	0.0060
12.4200	0.0060
12.4400	0.0050
12.4600	0.0050
12.4800	0.0050
12.5000	0.0040
12.5200	0.0040
12.5400	0.0040
12.5600	0.0030
12.5800	0.0030
12.6000	0.0020
12.6200	0.0020
12.6400	0.0000
12.6600	-0.0000
12.6800	-0.0010
12.7000	-0.0010
12.7200	-0.0010
12.7400	-0.0020
12.7600	-0.0020
12.7800	-0.0040
12.8000	-0.0040
12.8200	-0.0050
12.8400	-0.0060
12.8600	-0.0060
12.8800	-0.0060
12.9000	-0.0070
12.9200	-0.0060
12.9400	-0.0060
12.9600	-0.0070
12.9800	-0.0080
13.0000	-0.0080
13.0200	-0.0080
13.0400	-0.0080
13.0600	-0.0090
13.0800	-0.0080
13.1000	-0.0080
13.1200	-0.0070
13.1400	-0.0070
13.1600	-0.0080
13.1800	-0.0080
13.2000	-0.0070
13.2200	-0.0070
13.2400	-0.0070
13.2600	-0.0070
13.2800	-0.0060
13.3000	-0.0060
13.3200	-0.0050
13.3400	-0.0040
13.3600	-0.0040
13.3800	-0.0040
13.4000	-0.0030
13.4200	-0.0030
13.4400	-0.0030
13.4600	-0.0020
13.4800	-0.0010
13.5000	-0.0000
13.5200	0.0010
13.5400	0.0010
13.5600	0.0020
13.5800	0.0010
13.6000	0.0020
13.6200	0.0030
13.6400	0.0030
13.6600	0.0030
13.6800	0.0040
13.7000	0.0050
13.7200	0.0060
13.7400	0.0060
13.7600	0.0060
13.7800	0.0070
13.8000	0.0070
13.8200	0.0070
13.8400	0.0070
13.8600	0.0070
13.8800	0.0080
13.9000	0.0080
13.9200	0.0080
13.9400	0.0080
13.9600	0.0080
13.9800	0.0080
14.0000	0.0080
14.0200	0.0070
14.0400	0.0070
14.0600	0.0070
14.0800	0.0080
14.1000	0.0070
14.1200	0.0070
14.1400	0.0070
14.1600	0.0070
14.1800	0.0060
14.2000	0.0060
14.2200	0.0050
14.2400	0.0040
14.2600	0.0040
14.2800	0.0040
14.3000	0.0040
14.3200	0.0030
14.3400	0.0030
14.3600	0.0010
14.3800	0.0010
14.4000	0.0000
14.4200	-0.0000
14.4400	-0.0020
14.4600	-0.0020
14.4800	-0.0020
14.5000	-0.0030
14.5200	-0.0030
14.5400	-0.0030
14.5600	-0.0040
14.5800	-0.0050
14.6000	-0.0050
14.6200	-0.0060
14.6400	-0.0060
14.6600	-0.0070
14.6800	-0.0070
14.7000	-0.0070
14.7200	-0.0070
14.7400	-0.0070
14.7600	-0.0080
14.7800	-0.0080
14.8000	-0.0080
14.8200	-0.0090
14.8400	-0.0090
14.8600	-0.0090
14.8800	-0.0080
14.9000	-0.0080
14.9200	-0.0070
14.9400	-0.0070
14.9600	-0.0070
14.9800	-0.0070
15.0000	-0.0070
15.0200	-0.0060
15.0400	-0.0070
15.0600	-0.0060
15.0800	-0.0050
15.1000	-0.0040
15.1200	-0.0040
15.1400	-0.0030
15.1600	-0.0030
15.1800	-0.0030
15.2000	-0.0020
15.2200	-0.0020
15.2400	-0.0010
15.2600	-0.0010
15.2800	0.0000
15.3000	0.0010
15.3200	0.0020
15.3400	0.0020
15.3600	0.0030
15.3800	0.0020
15.4000	0.0040
15.4200	0.0040
15.4400	0.0040
15.4600	0.0050
15.4800	0.0060
15.5000	0.0060
15.5200	0.0060
15.5400	0.0070
15.5600	0.0070
15.5800	0.0070
15.6000	0.0070
15.6200	0.0080
15.6400	0.0070
15.6600	0.0080
15.6800	0.0080
15.7000	0.0080
15.7200	0.0080
15.7400	0.0080
15.7600	0.0080
15.7800	0.0080
15.8000	0.0080
15.8200	0.0080
15.8400	0.0070
15.8600	0.0070
15.8800	0.0070
15.9000	0.0070
15.9200	0.0060
15.9400	0.0060
15.9600	0.0050
15.9800	0.0050
16.0000	0.0050
16.0200	0.0040
16.0400	0.0030
16.0600	0.0030
16.0800	0.0030
16.1000	0.0020
16.1200	0.0010
16.1400	0.0010
16.1600	-0.0000
16.1800	-0.0010
16.2000	-0.0010
16.2200	-0.0020
16.2400	-0.0030
16.2600	-0.0030
16.2800	-0.0030
16.3000	-0.0040
16.3200	-0.0040
16.3400	-0.0040
16.3600	-0.0050
16.3800	-0.0050
16.4000	-0.0060
16.4200	-0.0060
16.4400	-0.0070
16.4600	-0.0080
16.4800	-0.0080
16.5000	-0.0080
16.5200	-0.0070
16.5400	-0.0070
16.5600	-0.0080
16.5800	-0.0080
16.6000	-0.0080
16.6200	-0.0080
16.6400	-0.0080
16.6600	-0.0090
16.6800	-0.0080
16.7000	-0.0080
16.7200	-0.0070
16.7400	-0.0070
16.7600	-0.0060
16.7800	-0.0060
16.8000	-0.0060
16.8200	-0.0050
16.8400	-0.0050
16.8600	-0.0050
16.8800	-0.0040
16.9000	-0.0040
16.9200	-0.0020
16.9400	-0.0020
16.9600	-0.0020
16.9800	-0.0010
17.0000	-0.0010
17.0200	0.0000
17.0400	0.0000
17.0600	0.0010
17.0800	0.0020
17.1000	0.0020
17.1200	0.0040
17.1400	0.0040
17.1600	0.0040
17.1800	0.0040
17.2000	0.0040
17.2200	0.0050
17.2400	0.0050
17.2600	0.0050
17.2800	0.0060
17.3000	0.0060
17.3200	0.0070
17.3400	0.0080
17.3600	0.0080
17.3800	0.0070
17.4000	0.0080
17.4200	0.0080
17.4400	0.0070
17.4600	0.0080
17.4800	0.0080
17.5000	0.0080
17.5200	0.0080
17.5400	0.0080
17.5600	0.0070
17.5800	0.0070
17.6000	0.0070
17.6200	0.0070
17.6400	0.0060
17.6600	0.0060
17.6800	0.0060
17.7000	0.0060
17.7200	0.0060
17.7400	0.0050
17.7600	0.0040
17.7800	0.0040
17.8000	0.0030
17.8200	0.0030
17.8400	0.0020
17.8600	0.0010
17.8800	0.0010
17.9000	0.0000
17.9200	0.0000
17.9400	0.0000
17.9600	-0.0010
17.9800	-0.0020
18.0000	-0.0020
18.0200	-0.0030
18.0400	-0.0040
18.0600	-0.0040
18.0800	-0.0040
18.1000	-0.0050
18.1200	-0.0050
18.1400	-0.0050
18.1600	-0.0060
18.1800	-0.0070
18.2000	-0.0060
18.2200	-0.0070
18.2400	-0.0080
18.2600	-0.0080
18.2800	-0.0080
18.3000	-0.0080
18.3200	-0.0080
18.3400	-0.0080
18.3600	-0.0080
18.3800	-0.0080
18.4000	-0.0080
18.4200	-0.0080
18.4400	-0.0080
18.4600	-0.0080
18.4800	-0.0070
18.5000	-0.0070
18.5200	-0.0060
18.5400	-0.0050
18.5600	-0.0060
18.5800	-0.0050
18.6000	-0.0050
18.6200	-0.0050
18.6400	-0.0040
18.6600	-0.0040
18.6800	-0.0030
18.7000	-0.0020
18.7200	-0.0010
18.7400	-0.0000
18.7600	-0.0010
18.7800	0.0000
18.8000	0.0010
18.8200	0.0010
18.8400	0.0010
18.8600	0.0020
18.8800	0.0030
18.9000	0.0030
18.9200	0.0040
18.9400	0.0040
18.9600	0.0040
18.9800	0.0050
19.0000	0.0050
19.0200	0.0060
19.0400	0.0050
19.0600	0.0060
19.0800	0.0070
19.1000	0.0070
19.1200	0.0080
19.1400	0.0080
19.1600	0.0080
19.1800	0.0070
19.2000	0.0080
19.2200	0.0080
19.2400	0.0070
19.2600	0.0080
19.2800	0.0080
19.3000	0.0080
19.3200	0.0080
19.3400	0.0080
19.3600	0.0070
19.3800	0.0070
19.4000	0.0070
19.4200	0.0060
19.4400	0.0050
19.4600	0.0050
19.4800	0.0050
19.5000	0.0050
19.5200	0.0050
19.5400	0.0040
19.5600	0.0030
19.5800	0.0030
19.6000	0.0030
19.6200	0.0020
19.6400	0.0010
19.6600	-0.0000
19.6800	-0.0000
19.7000	-0.0010
19.7200	-0.0010
19.7400	-0.0010
19.7600	-0.0020
19.7800	-0.0030
19.8000	-0.0030
19.8200	-0.0040
19.8400	-0.0050
19.8600	-0.0060
19.8800	-0.0060
19.9000	-0.0060
19.9200	-0.0060
19.9400	-0.0060
19.9600	-0.0070
19.9800	-0.0070
20.0000	-0.0080
20.0200	-0.0080
20.0400	-0.0080
20.0600	-0.0080
20.0800	-0.0080
20.1000	-0.0080
20.1200	-0.0070
20.1400	-0.0070
20.1600	-0.0080
20.1800	-0.0070
20.2000	-0.0080
20.2200	-0.0070
20.2400	-0.0080
20.2600	-0.0080
20.2800	-0.0070
20.3000	-0.0060
20.3200	-0.0050
20.3400	-0.0050
20.3600	-0.0050
20.3800	-0.0040
20.4000	-0.0040
20.4200	-0.0040
20.4400	-0.0030
20.4600	-0.0030
20.4800	-0.0020
20.5000	-0.0010
20.5200	-0.0000
20.5400	0.0010
20.5600	0.0000
20.5800	0.0010
20.6000	0.0020
20.6200	0.0030
20.6400	0.0020
20.6600	0.0030
20.6800	0.0040
20.7000	0.0050
20.7200	0.0050
20.7400	0.0060
20.7600	0.0060
20.7800	0.0060
20.8000	0.0060
20.8200	0.0070
20.8400	0.0060
20.8600	0.0070
20.8800	0.0070
20.9000	0.0080
20.9200	0.0080
20.9400	0.0090
20.9600	0.0080
20.9800	0.0080
21.0000	0.0080
21.0200	0.0080
21.0400	0.0070
21.0600	0.0070
21.0800	0.0080
21.1000	0.0070
21.1200	0.0070
21.1400	0.0070
21.1600	0.0060
21.1800	0.0060
21.2000	0.0060
21.2200	0.0050
21.2400	0.0040
21.2600	0.0040
21.2800	0.0040
21.3000	0.0040
21.3200	0.0040
21.3400	0.0030
21.3600	0.0020
21.3800	0.0020
21.4000	0.0000
21.4200	0.0010
21.4400	-0.0010
21.4600	-0.0010
21.4800	-0.0010
21.5000	-0.0020
21.5200	-0.0020
21.5400	-0.0020
21.5600	-0.0040
21.5800	-0.0040
21.6000	-0.0050
21.6200	-0.0050
21.6400	-0.0060
21.6600	-0.0070
21.6800	-0.0070
21.7000	-0.0070
21.7200	-0.0070
21.7400	-0.0070
21.7600	-0.0080
21.7800	-0.0080
21.8000	-0.0080
21.8200	-0.0080
21.8400	-0.0080
21.8600	-0.0090
21.8800	-0.0080
21.9000	-0.0080
21.9200	-0.0070
21.9400	-0.0070
21.9600	-0.0080
21.9800	-0.0070
22.0000	-0.0070
22.0200	-0.0060
22.0400	-0.0070
22.0600	-0.0060
22.0800	-0.0050
22.1000	-0.0040
22.1200	-0.0040
22.1400	-0.0030
22.1600	-0.0030
22.1800	-0.0030
22.2000	-0.0030
22.2200	-0.0020
22.2400	-0.0010
22.2600	-0.0010
22.2800	-0.0000
22.3000	0.0000
22.3200	0.0020
22.3400	0.0020
22.3600	0.0020
22.3800	0.0020
22.4000	0.0030
22.4200	0.0030
22.4400	0.0040
22.4600	0.0040
22.4800	0.0050
22.5000	0.0060
22.5200	0.0060
22.5400	0.0070
22.5600	0.0070
22.5800	0.0060
22.6000	0.0070
22.6200	0.0080
22.6400	0.0070
22.6600	0.0070
22.6800	0.0080
22.7000	0.0080
22.7200	0.0080
22.7400	0.0080
22.7600	0.0080
22.7800	0.0080
22.8000	0.0070
22.8200	0.0080
22.8400	0.0070
22.8600	0.0070
22.8800	0.0070
22.9000	0.0070
22.9200	0.0070
22.9400	0.0060
22.9600	0.0060
22.9800	0.0050
23.0000	0.0040
23.0200	0.0040
23.0400	0.0030
23.0600	0.0030
23.0800	0.0030
23.1000	0.0020
23.1200	0.0020
23.1400	0.0020
23.1600	0.0010
23.1800	0.0000
23.2000	-0.0000
23.2200	-0.0010
23.2400	-0.0020
23.2600	-0.0030
23.2800	-0.0040
23.3000	-0.0040
23.3200	-0.0030
23.3400	-0.0040
23.3600	-0.0050
23.3800	-0.0050
23.4000	-0.0060
23.4200	-0.0060
23.4400	-0.0070
23.4600	-0.0080
23.4800	-0.0070
23.5000	-0.0080
23.5200	-0.0070
23.5400	-0.0070
23.5600	-0.0080
23.5800	-0.0080
23.6000	-0.0080
23.6200	-0.0080
23.6400	-0.0080
23.6600	-0.0080
23.6800	-0.0070
23.7000	-0.0080
23.7200	-0.0070
23.7400	-0.0070
23.7600	-0.0070
23.7800	-0.0060
23.8000	-0.0060
23.8200	-0.0060
23.8400	-0.0060
23.8600	-0.0050
23.8800	-0.0040
23.9000	-0.0040
23.9200	-0.0030
23.9400	-0.0020
23.9600	-0.0020
23.9800	-0.0020
24.0000	-0.0010
24.0200	-0.0000
24.0400	-0.0010
24.0600	0.0000
24.0800	0.0010
24.1000	0.0020
24.1200	0.0030
24.1400	0.0030
24.1600	0.0030
24.1800	0.0040
24.2000	0.0040
24.2200	0.0050
24.2400	0.0050
24.2600	0.0050
24.2800	0.0060
24.3000	0.0070
24.3200	0.0080
24.3400	0.0070
24.3600	0.0070
24.3800	0.0070
24.4000	0.0080
24.4200	0.0080
24.4400	0.0080
24.4600	0.0070
24.4800	0.0080
24.5000	0.0080
24.5200	0.0070
24.5400	0.0080
24.5600	0.0080
24.5800	0.0070
24.6000	0.0080
24.6200	0.0070
24.6400	0.0060
24.6600	0.0070
24.6800	0.0060
24.7000	0.0060
24.7200	0.0060
24.7400	0.0050
24.7600	0.0050
24.7800	0.0050
24.8000	0.0040
24.8200	0.0030
24.8400	0.0020
24.8600	0.0020
24.8800	0.0020
24.9000	0.0010
24.9200	0.0020
24.9400	0.0000
24.9600	-0.0000
24.9800	-0.0010
25.0000	-0.0020
25.0200	-0.0030
25.0400	-0.0040
25.0600	-0.0040
25.0800	-0.0040
25.1000	-0.0050
25.1200	-0.0040
25.1400	-0.0050
25.1600	-0.0060
25.1800	-0.0060
25.2000	-0.0060
25.2200	-0.0070
25.2400	-0.0070
25.2600	-0.0080
25.2800	-0.0070
25.3000	-0.0080
25.3200	-0.0070
25.3400	-0.0070
25.3600	-0.0080
25.3800	-0.0080
25.4000	-0.0080
25.4200	-0.0070
25.4400	-0.0080
25.4600	-0.0080
25.4800	-0.0080
25.5000	-0.0070
25.5200	-0.0060
25.5400	-0.0060
25.5600	-0.0060
25.5800	-0.0060
25.6000	-0.0050
25.6200	-0.0050
25.6400	-0.0050
25.6600	-0.0050
25.6800	-0.0030
25.7000	-0.0030
25.7200	-0.0020
25.7400	-0.0010
25.7600	-0.0010
25.7800	-0.0010
25.8000	0.0000
25.8200	0.0000
25.8400	0.0010
25.8600	0.0010
25.8800	0.0020
25.9000	0.0030
25.9200	0.0040
25.9400	0.0040
25.9600	0.0040
25.9800	0.0050
26.0000	0.0060
26.0200	0.0060
26.0400	0.0060
26.0600	0.0060
26.0800	0.0070
26.1000	0.0070
26.1200	0.0070
26.1400	0.0080
26.1600	0.0070
26.1800	0.0080
26.2000	0.0080
26.2200	0.0080
26.2400	0.0080
26.2600	0.0070
26.2800	0.0080
26.3000	0.0070
26.3200	0.0080
26.3400	0.0080
26.3600	0.0070
26.3800	0.0070
26.4000	0.0070
26.4200	0.0070
26.4400	0.0060
26.4600	0.0050
26.4800	0.0060
26.5000	0.0050
26.5200	0.0050
26.5400	0.0050
26.5600	0.0040
26.5800	0.0030
26.6000	0.0020
26.6200	0.0020
26.6400	0.0010
26.6600	0.0000
26.6800	0.0000
26.7000	-0.0000
26.7200	-0.0000
26.7400	-0.0010
26.7600	-0.0020
26.7800	-0.0020
26.8000	-0.0030
26.8200	-0.0040
26.8400	-0.0040
26.8600	-0.0050
26.8800	-0.0050
26.9000	-0.0060
26.9200	-0.0050
26.9400	-0.0060
26.9600	-0.0070
26.9800	-0.0070
27.0000	-0.0070
27.0200	-0.0070
27.0400	-0.0080
27.0600	-0.0080
27.0800	-0.0080
27.1000	-0.0080
27.1200	-0.0070
27.1400	-0.0070
27.1600	-0.0080
27.1800	-0.0080
27.2000	-0.0080
27.2200	-0.0080
27.2400	-0.0080
27.2600	-0.0080
27.2800	-0.0070
27.3000	-0.0060
27.3200	-0.0060
27.3400	-0.0050
27.3600	-0.0050
27.3800	-0.0050
27.4000	-0.0040
27.4200	-0.0040
27.4400	-0.0040
27.4600	-0.0040
27.4800	-0.0020
27.5000	-0.0010
27.5200	-0.0000
27.5400	-0.0000
27.5600	0.0000
27.5800	0.0010
27.6000	0.0010
27.6200	0.0020
27.6400	0.0020
27.6600	0.0020
27.6800	0.0040
27.7000	0.0040
27.7200	0.0050
27.7400	0.0050
27.7600	0.0050
27.7800	0.0060
27.8000	0.0060
27.8200	0.0070
27.8400	0.0060
27.8600	0.0070
27.8800	0.0080
27.9000	0.0080
27.9200	0.0080
27.9400	0.0080
27.9600	0.0080
27.9800	0.0080
28.0000	0.0080
28.0200	0.0080
28.0400	0.0080
28.0600	0.0080
28.0800	0.0080
28.1000	0.0080
28.1200	0.0080
28.1400	0.0070
28.1600	0.0070
28.1800	0.0070
28.2000	0.0060
28.2200	0.0060
28.2400	0.0050
28.2600	0.0040
28.2800	0.0050
28.3000	0.0040
28.3200	0.0040
28.3400	0.0040
28.3600	0.0020
28.3800	0.0020
28.4000	0.0010
28.4200	0.0010
28.4400	-0.0000
28.4600	-0.0010
28.4800	-0.0010
28.5000	-0.0020
28.5200	-0.0020
28.5400	-0.0020
28.5600	-0.0030
28.5800	-0.0030
28.6000	-0.0050
28.6200	-0.0040
28.6400	-0.0060
28.6600	-0.0060
28.6800	-0.0060
28.7000	-0.0070
28.7200	-0.0060
28.7400	-0.0070
28.7600	-0.0070
28.7800	-0.0070
28.8000	-0.0080
28.8200	-0.0080
28.8400	-0.0090
28.8600	-0.0090
28.8800	-0.0090
28.9000	-0.0080
28.9200	-0.0070
28.9400	-0.0080
28.9600	-0.0070
28.9800	-0.0070
29.0000	-0.0070
29.0200	-0.0070
29.0400	-0.0070
29.0600	-0.0070
29.0800	-0.0060
29.1000	-0.0050
29.1200	-0.0040
29.1400	-0.0040
29.1600	-0.0040
29.1800	-0.0030
29.2000	-0.0030
29.2200	-0.0020
29.2400	-0.0020
29.2600	-0.0010
29.2800	-0.0010
29.3000	0.0000
29.3200	0.0010
29.3400	0.0010
29.3600	0.0020
29.3800	0.0020
29.4000	0.0030
29.4200	0.0030
29.4400	0.0030
29.4600	0.0040
29.4800	0.0050
29.5000	0.0050
29.5200	0.0060
29.5400	0.0060
29.5600	0.0060
29.5800	0.0060
29.6000	0.0070
29.6200	0.0080
29.6400	0.0070
29.6600	0.0070
29.6800	0.0080
29.7000	0.0080
29.7200	0.0080
29.7400	0.0080
29.7600	0.0080
29.7800	0.0080
29.8000	0.0080
29.8200	0.0080
29.8400	0.0070
29.8600	0.0070
29.8800	0.0070
29.9000	0.0070
29.9200	0.0070
29.9400	0.0070
29.9600	0.0060
29.9800	0.0060
30.0000	0.0060
30.0200	0.0040
30.0400	0.0040
30.0600	0.0040
30.0800	0.0040
30.1000	0.0030
30.1200	0.0030
30.1400	0.0020
30.1600	0.0020
30.1800	0.0000
30.2000	0.0000
30.2200	-0.0010
30.2400	-0.0020
30.2600	-0.0020
30.2800	-0.0020
30.3000	-0.0030
30.3200	-0.0030
30.3400	-0.0040
30.3600	-0.0040
30.3800	-0.0040
30.4000	-0.0060
30.4200	-0.0060
30.4400	-0.0070
30.4600	-0.0070
30.4800	-0.0070
30.5000	-0.0080
30.5200	-0.0070
30.5400	-0.0070
30.5600	-0.0080
30.5800	-0.0080
30.6000	-0.0080
30.6200	-0.0080
30.6400	-0.0080
30.6600	-0.0090
30.6800	-0.0080
30.7000	-0.0070
30.7200	-0.0070
30.7400	-0.0070
30.7600	-0.0070
30.7800	-0.0070
30.8000	-0.0060
30.8200	-0.0060
30.8400	-0.0070
30.8600	-0.0060
30.8800	-0.0050
30.9000	-0.0040
30.9200	-0.0040
30.9400	-0.0030
30.9600	-0.0030
30.9800	-0.0020
31.0000	-0.0020
31.0200	-0.0010
31.0400	-0.0020
31.0600	-0.0010
31.0800	0.0010
31.1000	0.0010
31.1200	0.0020
31.1400	0.0030
31.1600	0.0030
31.1800	0.0040
31.2000	0.0040
31.2200	0.0050
31.2400	0.0050
31.2600	0.0050
31.2800	0.0060
31.3000	0.0060
31.3200	0.0060
31.3400	0.0070
31.3600	0.0070
31.3800	0.0070
31.4000	0.0070
31.4200	0.0080
31.4400	0.0070
31.4600	0.0070
31.4800	0.0080
31.5000	0.0080
31.5200	0.0080
31.5400	0.0080
31.5600	0.0080
31.5800	0.0080
31.6000	0.0080
31.6200	0.0080
31.6400	0.0060
31.6600	0.0070
31.6800	0.0070
31.7000	0.0070
31.7200	0.0060
31.7400	0.0060
31.7600	0.0050
31.7800	0.0050
31.8000	0.0050
31.8200	0.0040
31.8400	0.0030
31.8600	0.0020
31.8800	0.0020
31.9000	0.0020
31.9200	0.0020
31.9400	0.0010
31.9600	-0.0000
31.9800	-0.0000
32.0000	-0.0010
32.0200	-0.0020
32.0400	-0.0030
32.0600	-0.0030
32.0800	-0.0030
32.1000	-0.0040
32.1200	-0.0040
32.1400	-0.0050
32.1600	-0.0060
32.1800	-0.0060
32.2000	-0.0060
32.2200	-0.0070
32.2400	-0.0070
32.2600	-0.0080
32.2800	-0.0080
32.3000	-0.0080
32.3200	-0.0070
32.3400	-0.0070
32.3600	-0.0070
32.3800	-0.0080
32.4000	-0.0080
32.4200	-0.0080
32.4400	-0.0090
32.4600	-0.0080
32.4800	-0.0080
32.5000	-0.0070
32.5200	-0.0070
32.5400	-0.0060
32.5600	-0.0060
32.5800	-0.0070
32.6000	-0.0060
32.6200	-0.0050
32.6400	-0.0050
32.6600	-0.0050
32.6800	-0.0040
32.7000	-0.0030
32.7200	-0.0020
32.7400	-0.0020
32.7600	-0.0010
32.7800	-0.0010
32.8000	-0.0010
32.8200	-0.0000
32.8400	0.0000
32.8600	0.0010
32.8800	0.0020
32.9000	0.0030
32.9200	0.0030
32.9400	0.0040
32.9600	0.0040
32.9800	0.0050
33.0000	0.0040
33.0200	0.0060
33.0400	0.0050
33.0600	0.0050
33.0800	0.0070
33.1000	0.0070
33.1200	0.0070
33.1400	0.0070
33.1600	0.0070
33.1800	0.0080
33.2000	0.0080
33.2200	0.0080
33.2400	0.0070
33.2600	0.0070
33.2800	0.0080
33.3000	0.0080
33.3200	0.0080
33.3400	0.0080
33.3600	0.0070
33.3800	0.0070
33.4000	0.0070
33.4200	0.0070
33.4400	0.0060
33.4600	0.0060
33.4800	0.0060
33.5000	0.0060
33.5200	0.0050
33.5400	0.0050
33.5600	0.0040
33.5800	0.0040
33.6000	0.0030
33.6200	0.0030
33.6400	0.0020
33.6600	0.0010
33.6800	0.0010
33.7000	0.0010
33.7200	0.0000
33.7400	-0.0000
33.7600	-0.0020
33.7800	-0.0020
33.8000	-0.0020
33.8200	-0.0030
33.8400	-0.0040
33.8600	-0.0050
33.8800	-0.0040
33.9000	-0.0050
33.9200	-0.0050
33.9400	-0.0060
33.9600	-0.0060
33.9800	-0.0070
34.0000	-0.0080
34.0200	-0.0070
34.0400	-0.0080
34.0600	-0.0080
34.0800	-0.0080
34.1000	-0.0080
34.1200	-0.0070
34.1400	-0.0070
34.1600	-0.0080
34.1800	-0.0080
34.2000	-0.0080
34.2200	-0.0070
34.2400	-0.0080
34.2600	-0.0080
34.2800	-0.0070
34.3000	-0.0060
34.3200	-0.0060
34.3400	-0.0060
34.3600	-0.0050
34.3800	-0.0050
34.4000	-0.0050
34.4200	-0.0040
34.4400	-0.0040
34.4600	-0.0040
34.4800	-0.0020
34.5000	-0.0020
34.5200	-0.0010
34.5400	-0.0010
34.5600	-0.0000
34.5800	0.0000
34.6000	0.0010
34.6200	0.0020
34.6400	0.0020
34.6600	0.0020
34.6800	0.0040
34.7000	0.0040
34.7200	0.0050
34.7400	0.0050
34.7600	0.0050
34.7800	0.0050
34.8000	0.0060
34.8200	0.0060
34.8400	0.0060
34.8600	0.0070
34.8800	0.0070
34.9000	0.0070
34.9200	0.0080
34.9400	0.0080
34.9600	0.0080
34.9800	0.0080
35.0000	0.0080
35.0200	0.0080
35.0400	0.0070
35.0600	0.0070
35.0800	0.0080
35.1000	0.0080
35.1200	0.0080
35.1400	0.0080
35.1600	0.0070
35.1800	0.0070
35.2000	0.0060
35.2200	0.0060
35.2400	0.0050
35.2600	0.0050
35.2800	0.0050
35.3000	0.0050
35.3200	0.0040
35.3400	0.0040
35.3600	0.0030
35.3800	0.0030
35.4000	0.0020
35.4200	0.0020
35.4400	0.0000
35.4600	-0.0000
35.4800	-0.0000
35.5000	-0.0010
35.5200	-0.0010
35.5400	-0.0020
35.5600	-0.0020
35.5800	-0.0030
35.6000	-0.0040
35.6200	-0.0050
35.6400	-0.0050
35.6600	-0.0060
35.6800	-0.0050
35.7000	-0.0060
35.7200	-0.0060
35.7400	-0.0060
35.7600	-0.0070
35.7800	-0.0080
35.8000	-0.0080
35.8200	-0.0080
35.8400	-0.0080
35.8600	-0.0080
35.8800	-0.0080
35.9000	-0.0080
35.9200	-0.0080
35.9400	-0.0070
35.9600	-0.0080
35.9800	-0.0070
36.0000	-0.0070
36.0200	-0.0070
36.0400	-0.0070
36.0600	-0.0070
36.0800	-0.0060
36.1000	-0.0060
36.1200	-0.0050
36.1400	-0.0050
36.1600	-0.0040
36.1800	-0.0040
36.2000	-0.0030
36.2200	-0.0030
36.2400	-0.0030
36.2600	-0.0020
36.2800	-0.0010
36.3000	-0.0000
36.3200	0.0000
36.3400	0.0010
36.3600	0.0010
36.3800	0.0020
36.4000	0.0020
36.4200	0.0030
36.4400	0.0030
36.4600	0.0030
36.4800	0.0040
36.5000	0.0050
36.5200	0.0050
36.5400	0.0060
36.5600	0.0060
36.5800	0.0070
36.6000	0.0070
36.6200	0.0070
36.6400	0.0070
36.6600	0.0070
36.6800	0.0080
36.7000	0.0080
36.7200	0.0080
36.7400	0.0080
36.7600	0.0080
36.7800	0.0080
36.8000	0.0080
36.8200	0.0080
36.8400	0.0070
36.8600	0.0070
36.8800	0.0080
36.9000	0.0070
36.9200	0.0070
36.9400	0.0070
36.9600	0.0060
36.9800	0.0060
37.0000	0.0060
37.0200	0.0050
37.0400	0.0040
37.0600	0.0040
37.0800	0.0040
37.1000	0.0030
37.1200	0.0030
37.1400	0.0030
37.1600	0.0020
37.1800	0.0010
37.2000	0.0000
37.2200	-0.0000
37.2400	-0.0010
37.2600	-0.0010
37.2800	-0.0020
37.3000	-0.0020
37.3200	-0.0020
37.3400	-0.0030
37.3600	-0.0040
37.3800	-0.0040
37.4000	-0.0050
37.4200	-0.0050
37.4400	-0.0060
37.4600	-0.0070
37.4800	-0.0070
37.5000	-0.0070
37.5200	-0.0070
37.5400	-0.0070
37.5600	-0.0080
37.5800	-0.0080
37.6000	-0.0080
37.6200	-0.0080
37.6400	-0.0090
37.6600	-0.0090
37.6800	-0.0090
37.7000	-0.0080
37.7200	-0.0070
37.7400	-0.0070
37.7600	-0.0070
37.7800	-0.0070
37.8000	-0.0070
37.8200	-0.0060
37.8400	-0.0060
37.8600	-0.0060
37.8800	-0.0050
37.9000	-0.0050
37.9200	-0.0040
37.9400	-0.0020
37.9600	-0.0030
37.9800	-0.0030
38.0000	-0.0020
38.0200	-0.0020
38.0400	-0.0010
38.0600	-0.0010
38.0800	0.0000
38.1000	0.0010
38.1200	0.0020
38.1400	0.0020
38.1600	0.0020
38.1800	0.0030
38.2000	0.0040
38.2200	0.0040
38.2400	0.0040
38.2600	0.0050
38.2800	0.0050
38.3000	0.0060
38.3200	0.0060
38.3400	0.0060
38.3600	0.0070
38.3800	0.0070
38.4000	0.0070
38.4200	0.0070
38.4400	0.0070
38.4600	0.0070
38.4800	0.0080
38.5000	0.0080
38.5200	0.0080
38.5400	0.0080
38.5600	0.0080
38.5800	0.0080
38.6000	0.0080
38.6200	0.0070
38.6400	0.0070
38.6600	0.0060
38.6800	0.0070
38.7000	0.0070
38.7200	0.0070
38.7400	0.0060
38.7600	0.0050
38.7800	0.0050
38.8000	0.0050
38.8200	0.0040
38.8400	0.0030
38.8600	0.0030
38.8800	0.0030
38.9000	0.0020
38.9200	0.0010
38.9400	0.0010
38.9600	0.0000
38.9800	-0.0000
39.0000	-0.0010
39.0200	-0.0010
39.0400	-0.0020
39.0600	-0.0030
39.0800	-0.0030
39.1000	-0.0030
39.1200	-0.0040
39.1400	-0.0040
39.1600	-0.0050
39.1800	-0.0060
39.2000	-0.0060
39.2200	-0.0060
39.2400	-0.0070
39.2600	-0.0070
39.2800	-0.0080
39.3000	-0.0080
39.3200	-0.0070
39.3400	-0.0070
39.3600	-0.0070
39.3800	-0.0080
39.4000	-0.0080
39.4200	-0.0080
39.4400	-0.0080
39.4600	-0.0080
39.4800	-0.0070
39.5000	-0.0080
39.5200	-0.0060
39.5400	-0.0070
39.5600	-0.0070
39.5800	-0.0060
39.6000	-0.0060
39.6200	-0.0050
39.6400	-0.0050
39.6600	-0.0050
39.6800	-0.0040
39.7000	-0.0040
39.7200	-0.0030
39.7400	-0.0020
39.7600	-0.0020
39.7800	-0.0010
39.8000	-0.0010
39.8200	0.0000
39.8400	-0.0010
39.8600	0.0000
39.8800	0.0010
39.9000	0.0020
39.9200	0.0030
39.9400	0.0030
39.9600	0.0040
39.9800	0.0040
40.0000	0.0040
40.0200	0.0050
40.0400	0.0050
40.0600	0.0050
40.0800	0.0060
40.1000	0.0070
40.1200	0.0070
40.1400	0.0070
40.1600	0.0070
40.1800	0.0080
40.2000	0.0080
40.2200	0.0080
40.2400	0.0080
40.2600	0.0080
40.2800	0.0080
40.3000	0.0080
40.3200	0.0080
40.3400	0.0080
40.3600	0.0080
40.3800	0.0070
40.4000	0.0070
40.4200	0.0070
40.4400	0.0060
40.4600	0.0060
40.4800	0.0060
40.5000	0.0050
40.5200	0.0060
40.5400	0.0050
40.5600	0.0040
40.5800	0.0040
40.6000	0.0030
40.6200	0.0030
40.6400	0.0020
40.6600	0.0010
40.6800	0.0010
40.7000	0.0010
40.7200	0.0010
40.7400	0.0000
40.7600	-0.0010
40.7800	-0.0020
40.8000	-0.0020
40.8200	-0.0020
40.8400	-0.0040
40.8600	-0.0040
40.8800	-0.0040
40.9000	-0.0050
40.9200	-0.0040
40.9400	-0.0050
40.9600	-0.0060
40.9800	-0.0070
41.0000	-0.0070
41.0200	-0.0070
41.0400	-0.0080
41.0600	-0.0080
41.0800	-0.0080
41.1000	-0.0080
41.1200	-0.0070
41.1400	-0.0070
41.1600	-0.0080
41.1800	-0.0080
41.2000	-0.0080
41.2200	-0.0080
41.2400	-0.0080
41.2600	-0.0080
41.2800	-0.0070
41.3000	-0.0070
41.3200	-0.0060
41.3400	-0.0060
41.3600	-0.0060
41.3800	-0.0050
41.4000	-0.0050
41.4200	-0.0040
41.4400	-0.0050
41.4600	-0.0040
41.4800	-0.0030
41.5000	-0.0020
41.5200	-0.0010
41.5400	-0.0010
41.5600	-0.0010
41.5800	-0.0000
41.6000	0.0000
41.6200	0.0010
41.6400	0.0010
41.6600	0.0020
41.6800	0.0030
41.7000	0.0030
41.7200	0.0040
41.7400	0.0040
41.7600	0.0040
41.7800	0.0050
41.8000	0.0050
41.8200	0.0060
41.8400	0.0050
41.8600	0.0060
41.8800	0.0070
41.9000	0.0070
41.9200	0.0080
41.9400	0.0080
41.9600	0.0070
41.9800	0.0080
42.0000	0.0080
42.0200	0.0080
42.0400	0.0070
42.0600	0.0080
42.0800	0.0080
42.1000	0.0080
42.1200	0.0080
42.1400	0.0080
42.1600	0.0070
42.1800	0.0070
42.2000	0.0070
42.2200	0.0060
42.2400	0.0060
42.2600	0.0050
42.2800	0.0050
42.3000	0.0050
42.3200	0.0050
42.3400	0.0050
42.3600	0.0030
42.3800	0.0030
42.4000	0.0020
42.4200	0.0020
42.4400	0.0010
42.4600	-0.0000
42.4800	0.0000
42.5000	-0.0010
42.5200	-0.0010
42.5400	-0.0010
42.5600	-0.0020
42.5800	-0.0030
42.6000	-0.0040
42.6200	-0.0040
42.6400	-0.0050
42.6600	-0.0060
42.6800	-0.0060
42.7000	-0.0060
42.7200	-0.0050
42.7400	-0.0060
42.7600	-0.0070
42.7800	-0.0070
42.8000	-0.0080
42.8200	-0.0080
42.8400	-0.0080
42.8600	-0.0080
42.8800	-0.0080
42.9000	-0.0080
42.9200	-0.0080
42.9400	-0.0070
42.9600	-0.0080
42.9800	-0.0080
43.0000	-0.0080
43.0200	-0.0070
43.0400	-0.0080
43.0600	-0.0070
43.0800	-0.0060
43.1000	-0.0060
43.1200	-0.0050
43.1400	-0.0050
43.1600	-0.0050
43.1800	-0.0050
43.2000	-0.0040
43.2200	-0.0030
43.2400	-0.0030
43.2600	-0.0030
43.2800	-0.0020
43.3000	-0.0010
43.3200	-0.0000
43.3400	0.0010
43.3600	0.0010
43.3800	0.0010
43.4000	0.0010
43.4200	0.0020
43.4400	0.0020
43.4600	0.0030
43.4800	0.0040
43.5000	0.0040
43.5200	0.0050
43.5400	0.0050
43.5600	0.0060
43.5800	0.0060
43.6000	0.0070
43.6200	0.0070
43.6400	0.0060
43.6600	0.0060
43.6800	0.0070
43.7000	0.0080
43.7200	0.0080
43.7400	0.0080
43.7600	0.0080
43.7800	0.0080
43.8000	0.0080
43.8200	0.0080
43.8400	0.0070
43.8600	0.0070
43.8800	0.0080
43.9000	0.0080
43.9200	0.0070
43.9400	0.0070
43.9600	0.0070
43.9800	0.0060
44.0000	0.0060
44.0200	0.0050
44.0400	0.0050
44.0600	0.0040
44.0800	0.0050
44.1000	0.0040
44.1200	0.0040
44.1400	0.0030
44.1600	0.0020
44.1800	0.0020
44.2000	0.0010
44.2200	0.0000
44.2400	-0.0010
44.2600	-0.0010
44.2800	-0.0010
44.3000	-0.0020
44.3200	-0.0020
44.3400	-0.0020
44.3600	-0.0030
44.3800	-0.0040
44.4000	-0.0040
44.4200	-0.0050
44.4400	-0.0060
44.4600	-0.0060
44.4800	-0.0060
44.5000	-0.0070
44.5200	-0.0060
44.5400	-0.0070
44.5600	-0.0080
44.5800	-0.0080
44.6000	-0.0080
44.6200	-0.0080
44.6400	-0.0080
44.6600	-0.0090
44.6800	-0.0080
44.7000	-0.0080
44.7200	-0.0070
44.7400	-0.0070
44.7600	-0.0080
44.7800	-0.0070
44.8000	-0.0070
44.8200	-0.0060
44.8400	-0.0060
44.8600	-0.0070
44.8800	-0.0060
44.9000	-0.0060
44.9200	-0.0040
44.9400	-0.0040
44.9600	-0.0030
44.9800	-0.0030
45.0000	-0.0020
45.0200	-0.0020
45.0400	-0.0020
45.0600	-0.0010
45.0800	-0.0000
45.1000	-0.0000
45.1200	0.0010
45.1400	0.0020
45.1600	0.0020
45.1800	0.0020
45.2000	0.0030
45.2200	0.0030
45.2400	0.0040
45.2600	0.0040
45.2800	0.0050
45.3000	0.0060
45.3200	0.0060
45.3400	0.0070
45.3600	0.0070
45.3800	0.0060
45.4000	0.0070
45.4200	0.0070
45.4400	0.0070
45.4600	0.0070
45.4800	0.0080
45.5000	0.0080
45.5200	0.0080
45.5400	0.0080
45.5600	0.0080
45.5800	0.0080
45.6000	0.0080
45.6200	0.0080
45.6400	0.0070
45.6600	0.0070
45.6800	0.0080
45.7000	0.0070
45.7200	0.0070
45.7400	0.0070
45.7600	0.0060
45.7800	0.0060
45.8000	0.0050
45.8200	0.0050
45.8400	0.0040
45.8600	0.0030
45.8800	0.0030
45.9000	0.0030
45.9200	0.0020
45.9400	0.0020
45.9600	0.0010
45.9800	0.0000
46.0000	-0.0000
46.0200	-0.0010
46.0400	-0.0020
46.0600	-0.0030
46.0800	-0.0020
46.1000	-0.0030
46.1200	-0.0030
46.1400	-0.0040
46.1600	-0.0040
46.1800	-0.0050
46.2000	-0.0060
46.2200	-0.0060
46.2400	-0.0070
46.2600	-0.0080
46.2800	-0.0070
46.3000	-0.0070
46.3200	-0.0070
46.3400	-0.0070
46.3600	-0.0070
46.3800	-0.0080
46.4000	-0.0080
46.4200	-0.0080
46.4400	-0.0080
46.4600	-0.0090
46.4800	-0.0080
46.5000	-0.0080
46.5200	-0.0070
46.5400	-0.0070
46.5600	-0.0060
46.5800	-0.0060
46.6000	-0.0060
46.6200	-0.0060
46.6400	-0.0060
46.6600	-0.0050
46.6800	-0.0040
46.7000	-0.0040
46.7200	-0.0030
46.7400	-0.0020
46.7600	-0.0020
46.7800	-0.0020
46.8000	-0.0010
46.8200	-0.0010
46.8400	-0.0010
46.8600	-0.0000
46.8800	0.0010
46.9000	0.0020
46.9200	0.0030
46.9400	0.0030
46.9600	0.0030
46.9800	0.0030
47.0000	0.0040
47.0200	0.0040
47.0400	0.0050
47.0600	0.0050
47.0800	0.0060
47.1000	0.0070
47.1200	0.0070
47.1400	0.0070
47.1600	0.0070
47.1800	0.0070
47.2000	0.0080
47.2200	0.0080
47.2400	0.0070
47.2600	0.0080
47.2800	0.0080
47.3000	0.0080
47.3200	0.0080
47.3400	0.0080
47.3600	0.0080
47.3800	0.0070
47.4000	0.0080
47.4200	0.0070
47.4400	0.0060
47.4600	0.0060
47.4800	0.0070
47.5000	0.0070
47.5200	0.0060
47.5400	0.0060
47.5600	0.0050
47.5800	0.0040
47.6000	0.0040
47.6200	0.0040
47.6400	0.0020
47.6600	0.0020
47.6800	0.0020
47.7000	0.0010
47.7200	0.0010
47.7400	0.0010
47.7600	-0.0000
47.7800	-0.0010
47.8000	-0.0020
47.8200	-0.0020
47.8400	-0.0030
47.8600	-0.0030
47.8800	-0.0040
47.9000	-0.0040
47.9200	-0.0040
47.9400	-0.0040
47.9600	-0.0050
47.9800	-0.0060
48.0000	-0.0070
48.0200	-0.0070
48.0400	-0.0070
48.0600	-0.0080
48.0800	-0.0080
48.1000	-0.0080
48.1200	-0.0070
48.1400	-0.0070
48.1600	-0.0080
48.1800	-0.0080
48.2000	-0.0080
48.2200	-0.0080
48.2400	-0.0090
48.2600	-0.0080
48.2800	-0.0070
48.3000	-0.0070
48.3200	-0.0060
48.3400	-0.0060
48.3600	-0.0060
48.3800	-0.0060
48.4000	-0.0060
48.4200	-0.0050
48.4400	-0.0050
48.4600	-0.0040
48.4800	-0.0040
48.5000	-0.0030
48.5200	-0.0010
48.5400	-0.0010
48.5600	-0.0020
48.5800	-0.0000
48.6000	-0.0000
48.6200	0.0010
48.6400	0.0010
48.6600	0.0010
48.6800	0.0020
48.7000	0.0030
48.7200	0.0030
48.7400	0.0040
48.7600	0.0040
48.7800	0.0050
48.8000	0.0050
48.8200	0.0050
48.8400	0.0050
48.8600	0.0060
48.8800	0.0070
48.9000	0.0070
48.9200	0.0070
48.9400	0.0080
48.9600	0.0080
48.9800	0.0080
49.0000	0.0080
49.0200	0.0080
49.0400	0.0080
49.0600	0.0070
49.0800	0.0080
49.1000	0.0080
49.1200	0.0080
49.1400	0.0080
49.1600	0.0080
49.1800	0.0070
49.2000	0.0070
49.2200	0.0070
49.2400	0.0060
49.2600	0.0050
49.2800	0.0060
49.3000	0.0060
49.3200	0.0050
49.3400	0.0050
49.3600	0.0040
49.3800	0.0030
49.4000	0.0030
49.4200	0.0020
49.4400	0.0010
49.4600	0.0010
49.4800	0.0010
49.5000	-0.0000
49.5200	0.0000
49.5400	-0.0010
49.5600	-0.0010
49.5800	-0.0020
49.6000	-0.0020
49.6200	-0.0030
49.6400	-0.0050
49.6600	-0.0050
49.6800	-0.0050
49.7000	-0.0060
49.7200	-0.0050
49.7400	-0.0060
49.7600	-0.0060
49.7800	-0.0080
49.8000	-0.0070
49.8200	-0.0070
49.8400	-0.0080
49.8600	-0.0080
49.8800	-0.0080
49.9000	-0.0090
49.9200	-0.0080
49.9400	-0.0070
49.9600	-0.0080
49.9800	-0.0070
50.0000	-0.0070
50.0200	-0.0070
50.0400	-0.0080
50.0600	-0.0080
50.0800	-0.0070
50.1000	-0.0060
50.1200	-0.0050
50.1400	-0.0040
50.1600	-0.0060
50.1800	-0.0050
50.2000	-0.0040
50.2200	-0.0040
50.2400	-0.0040
50.2600	-0.0030
50.2800	-0.0030
50.3000	-0.0010
50.3200	-0.0010
50.3400	0.0000
50.3600	0.0000
50.3800	0.0000
50.4000	0.0010
50.4200	0.0020
50.4400	0.0020
50.4600	0.0020
50.4800	0.0040
50.5000	0.0040
50.5200	0.0050
50.5400	0.0050
50.5600	0.0050
50.5800	0.0050
50.6000	0.0060
50.6200	0.0060
50.6400	0.0060
50.6600	0.0060
50.6800	0.0070
50.7000	0.0080
50.7200	0.0080
50.7400	0.0080
50.7600	0.0080
50.7800	0.0080
50.8000	0.0080
50.8200	0.0080
50.8400	0.0070
50.8600	0.0070
50.8800	0.0080
50.9000	0.0080
50.9200	0.0080
50.9400	0.0070
50.9600	0.0070
50.9800	0.0070
51.0000	0.0060
51.0200	0.0060
51.0400	0.0050
51.0600	0.0040
51.0800	0.0050
51.1000	0.0040
51.1200	0.0040
51.1400	0.0040
51.1600	0.0030
51.1800	0.0020
51.2000	0.0020
51.2200	0.0010
51.2400	-0.0000
51.2600	-0.0010
51.2800	-0.0000
51.3000	-0.0020
51.3200	-0.0010
51.3400	-0.0020
51.3600	-0.0030
51.3800	-0.0030
51.4000	-0.0040
51.4200	-0.0050
51.4400	-0.0060
51.4600	-0.0060
51.4800	-0.0060
51.5000	-0.0070
51.5200	-0.0060
51.5400	-0.0060
51.5600	-0.0070
51.5800	-0.0070
51.6000	-0.0080
51.6200	-0.0080
51.6400	-0.0080
51.6600	-0.0080
51.6800	-0.0080
51.7000	-0.0080
51.7200	-0.0070
51.7400	-0.0070
51.7600	-0.0080
51.7800	-0.0070
51.8000	-0.0070
51.8200	-0.0070
51.8400	-0.0070
51.8600	-0.0070
51.8800	-0.0060
51.9000	-0.0060
51.9200	-0.0050
51.9400	-0.0040
51.9600	-0.0040
51.9800	-0.0040
52.0000	-0.0030
52.0200	-0.0030
52.0400	-0.0030
52.0600	-0.0020
52.0800	-0.0010
52.1000	-0.0010
52.1200	0.0010
52.1400	0.0010
52.1600	0.0020
52.1800	0.0020
52.2000	0.0030
52.2200	0.0030
52.2400	0.0040
52.2600	0.0030
52.2800	0.0040
52.3000	0.0050
52.3200	0.0060
52.3400	0.0060
52.3600	0.0060
52.3800	0.0060
52.4000	0.0070
52.4200	0.0070
52.4400	0.0070
52.4600	0.0070
52.4800	0.0080
52.5000	0.0090
52.5200	0.0080
52.5400	0.0080
52.5600	0.0080
52.5800	0.0080
52.6000	0.0080
52.6200	0.0080
52.6400	0.0070
52.6600	0.0070
52.6800	0.0080
52.7000	0.0070
52.7200	0.0070
52.7400	0.0070
52.7600	0.0060
52.7800	0.0060
52.8000	0.0060
52.8200	0.0050
52.8400	0.0040
52.8600	0.0040
52.8800	0.0040
52.9000	0.0030
52.9200	0.0030
52.9400	0.0030
52.9600	0.0020
52.9800	0.0010
53.0000	0.0000
53.0200	-0.0000
53.0400	-0.0020
53.0600	-0.0020
53.0800	-0.0020
53.1000	-0.0020
53.1200	-0.0030
53.1400	-0.0030
53.1600	-0.0040
53.1800	-0.0050
53.2000	-0.0050
53.2200	-0.0050
53.2400	-0.0060
53.2600	-0.0070
53.2800	-0.0070
53.3000	-0.0070
53.3200	-0.0060
53.3400	-0.0070
53.3600	-0.0080
53.3800	-0.0070
53.4000	-0.0080
53.4200	-0.0080
53.4400	-0.0080
53.4600	-0.0080
53.4800	-0.0080
53.5000	-0.0080
53.5200	-0.0070
53.5400	-0.0070
53.5600	-0.0070
53.5800	-0.0070
53.6000	-0.0070
53.6200	-0.0060
53.6400	-0.0070
53.6600	-0.0060
53.6800	-0.0060
53.7000	-0.0050
53.7200	-0.0030
53.7400	-0.0030
53.7600	-0.0030
53.7800	-0.0020
53.8000	-0.0020
53.8200	-0.0010
53.8400	-0.0010
53.8600	-0.0010
53.8800	0.0010
53.9000	0.0010
53.9200	0.0020
53.9400	0.0030
53.9600	0.0030
53.9800	0.0040
54.0000	0.0040
54.0200	0.0040
54.0400	0.0040
54.0600	0.0040
54.0800	0.0060
54.1000	0.0060
54.1200	0.0060
54.1400	0.0070
54.1600	0.0070
54.1800	0.0070
54.2000	0.0070
54.2200	0.0070
54.2400	0.0070
54.2600	0.0070
54.2800	0.0080
54.3000	0.0080
54.3200	0.0090
54.3400	0.0080
54.3600	0.0080
54.3800	0.0080
54.4000	0.0080
54.4200	0.0080
54.4400	0.0060
54.4600	0.0070
54.4800	0.0070
54.5000	0.0070
54.5200	0.0060
54.5400	0.0060
54.5600	0.0050
54.5800	0.0050
54.6000	0.0040
54.6200	0.0040
54.6400	0.0030
54.6600	0.0020
54.6800	0.0020
54.7000	0.0020
54.7200	0.0020
54.7400	0.0010
54.7600	-0.0000
54.7800	-0.0000
54.8000	-0.0010
54.8200	-0.0020
54.8400	-0.0030
54.8600	-0.0030
54.8800	-0.0040
54.9000	-0.0040
54.9200	-0.0040
54.9400	-0.0040
54.9600	-0.0050
54.9800	-0.0050
55.0000	-0.0060
55.0200	-0.0060
55.0400	-0.0070
55.0600	-0.0070
55.0800	-0.0070
55.1000	-0.0070
55.1200	-0.0070
55.1400	-0.0070
55.1600	-0.0080
55.1800	-0.0080
55.2000	-0.0090
55.2200	-0.0080
55.2400	-0.0080
55.2600	-0.0080
55.2800	-0.0080
55.3000	-0.0070
55.3200	-0.0070
55.3400	-0.0060
55.3600	-0.0070
55.3800	-0.0060
55.4000	-0.0060
55.4200	-0.0050
55.4400	-0.0050
55.4600	-0.0050
55.4800	-0.0040
55.5000	-0.0030
55.5200	-0.0020
55.5400	-0.0020
55.5600	-0.0020
55.5800	-0.0010
55.6000	-0.0010
55.6200	-0.0000
55.6400	0.0000
55.6600	0.0010
55.6800	0.0020
55.7000	0.0020
55.7200	0.0030
55.7400	0.0040
55.7600	0.0040
55.7800	0.0040
55.8000	0.0050
55.8200	0.0050
55.8400	0.0050
55.8600	0.0050
55.8800	0.0070
55.9000	0.0070
55.9200	0.0070
55.9400	0.0070
55.9600	0.0070
55.9800	0.0080
56.0000	0.0080
56.0200	0.0080
56.0400	0.0080
56.0600	0.0080
56.0800	0.0080
56.1000	0.0090
56.1200	0.0080
56.1400	0.0080
56.1600	0.0080
56.1800	0.0070
56.2000	0.0070
56.2200	0.0070
56.2400	0.0060
56.2600	0.0060
56.2800	0.0060
56.3000	0.0060
56.3200	0.0060
56.3400	0.0050
56.3600	0.0040
56.3800	0.0040
56.4000	0.0040
56.4200	0.0030
56.4400	0.0020
56.4600	0.0010
56.4800	0.0010
56.5000	0.0010
56.5200	0.0010
56.5400	-0.0000
56.5600	-0.0010
56.5800	-0.0010
56.6000	-0.0020
56.6200	-0.0030
56.6400	-0.0040
56.6600	-0.0040
56.6800	-0.0050
56.7000	-0.0050
56.7200	-0.0050
56.7400	-0.0050
56.7600	-0.0060
56.7800	-0.0060
56.8000	-0.0070
56.8200	-0.0070
56.8400	-0.0080
56.8600	-0.0080
56.8800	-0.0080
56.9000	-0.0080
56.9200	-0.0080
56.9400	-0.0080
56.9600	-0.0080
56.9800	-0.0080
57.0000	-0.0080
57.0200	-0.0080
57.0400	-0.0080
57.0600	-0.0080
57.0800	-0.0070
57.1000	-0.0070
57.1200	-0.0060
57.1400	-0.0060
57.1600	-0.0060
57.1800	-0.0050
57.2000	-0.0040
57.2200	-0.0040
57.2400	-0.0040
57.2600	-0.0040
57.2800	-0.0020
57.3000	-0.0030
57.3200	-0.0010
57.3400	-0.0000
57.3600	-0.0000
57.3800	0.0010
57.4000	0.0010
57.4200	0.0020
57.4400	0.0010
57.4600	0.0020
57.4800	0.0030
57.5000	0.0030
57.5200	0.0050
57.5400	0.0050
57.5600	0.0050
57.5800	0.0050
57.6000	0.0060
57.6200	0.0060
57.6400	0.0060
57.6600	0.0060
57.6800	0.0070
57.7000	0.0080
57.7200	0.0080
57.7400	0.0080
57.7600	0.0080
57.7800	0.0080
57.8000	0.0080
57.8200	0.0080
57.8400	0.0070
57.8600	0.0070
57.8800	0.0080
57.9000	0.0080
57.9200	0.0080
57.9400	0.0080
57.9600	0.0070
57.9800	0.0070
58.0000	0.0070
58.0200	0.0060
58.0400	0.0060
58.0600	0.0050
58.0800	0.0050
58.1000	0.0050
58.1200	0.0040
58.1400	0.0040
58.1600	0.0030
58.1800	0.0030
58.2000	0.0020
58.2200	0.0020
58.2400	0.0010
58.2600	-0.0000
58.2800	-0.0000
58.3000	-0.0010
58.3200	-0.0010
58.3400	-0.0010
58.3600	-0.0020
58.3800	-0.0030
58.4000	-0.0030
58.4200	-0.0040
58.4400	-0.0050
58.4600	-0.0060
58.4800	-0.0060
58.5000	-0.0060
58.5200	-0.0060
58.5400	-0.0060
58.5600	-0.0070
58.5800	-0.0070
58.6000	-0.0080
58.6200	-0.0070
58.6400	-0.0080
58.6600	-0.0090
58.6800	-0.0080
58.7000	-0.0080
58.7200	-0.0070
58.7400	-0.0080
58.7600	-0.0070
58.7800	-0.0070
58.8000	-0.0070
58.8200	-0.0070
58.8400	-0.0080
58.8600	-0.0070
58.8800	-0.0070
58.9000	-0.0060
58.9200	-0.0050
58.9400	-0.0050
58.9600	-0.0050
58.9800	-0.0040
59.0000	-0.0040
59.0200	-0.0030
59.0400	-0.0030
59.0600	-0.0030
59.0800	-0.0020
59.1000	-0.0010
59.1200	0.0010
59.1400	0.0010
59.1600	0.0010
59.1800	0.0010
59.2000	0.0020
59.2200	0.0030
59.2400	0.0020
59.2600	0.0030
59.2800	0.0040
59.3000	0.0050
59.3200	0.0050
59.3400	0.0050
59.3600	0.0060
59.3800	0.0070
59.4000	0.0060
59.4200	0.0070
59.4400	0.0070
59.4600	0.0070
59.4800	0.0070
59.5000	0.0070
59.5200	0.0080
59.5400	0.0080
59.5600	0.0080
59.5800	0.0080
59.6000	0.0080
59.6200	0.0080
59.6400	0.0070
59.6600	0.0070
59.6800	0.0080
59.7000	0.0070
59.7200	0.0070
59.7400	0.0070
59.7600	0.0070
59.7800	0.0060
59.8000	0.0060
59.8200	0.0050
59.8400	0.0040
59.8600	0.0040
59.8800	0.0040
59.9000	0.0040
59.9200	0.0040
59.9400	0.0030
59.9600	0.0020
59.9800	0.0010
60.0000	0.0010
60.0200	-0.0000
60.0400	-0.0010
60.0600	-0.0020
60.0800	-0.0010
60.1000	-0.0030
60.1200	-0.0020
60.1400	-0.0030
60.1600	-0.0030
60.1800	-0.0040
60.2000	-0.0050
60.2200	-0.0050
60.2400	-0.0060
60.2600	-0.0070
60.2800	-0.0060
60.3000	-0.0070
60.3200	-0.0060
60.3400	-0.0070
60.3600	-0.0070
60.3800	-0.0080
60.4000	-0.0080
60.4200	-0.0080
60.4400	-0.0080
60.4600	-0.0080
60.4800	-0.0080
60.5000	-0.0080
60.5200	-0.0070
60.5400	-0.0070
60.5600	-0.0070
60.5800	-0.0070
60.6000	-0.0070
60.6200	-0.0070
60.6400	-0.0070
60.6600	-0.0060
60.6800	-0.0050
60.7000	-0.0050
60.7200	-0.0040
60.7400	-0.0040
60.7600	-0.0030
60.7800	-0.0030
60.8000	-0.0020
60.8200	-0.0020
60.8400	-0.0020
60.8600	-0.0010
60.8800	0.0000
60.9000	0.0010
60.9200	0.0020
60.9400	0.0020
60.9600	0.0020
60.9800	0.0020
61.0000	0.0040
61.0200	0.0040
61.0400	0.0040
61.0600	0.0040
61.0800	0.0050
61.1000	0.0060
61.1200	0.0060
61.1400	0.0060
61.1600	0.0070
61.1800	0.0070
61.2000	0.0070
61.2200	0.0080
61.2400	0.0070
61.2600	0.0080
61.2800	0.0080
61.3000	0.0080
61.3200	0.0080
61.3400	0.0080
61.3600	0.0080
61.3800	0.0070
61.4000	0.0080
61.4200	0.0080
61.4400	0.0070
61.4600	0.0070
61.4800	0.0080
61.5000	0.0070
61.5200	0.0070
61.5400	0.0060
61.5600	0.0060
61.5800	0.0050
61.6000	0.0050
61.6200	0.0050
61.6400	0.0030
61.6600	0.0030
61.6800	0.0030
61.7000	0.0020
61.7200	0.0020
61.7400	0.0020
61.7600	0.0010
61.7800	-0.0000
61.8000	-0.0010
61.8200	-0.0010
61.8400	-0.0020
61.8600	-0.0030
61.8800	-0.0030
61.9000	-0.0030
61.9200	-0.0030
61.9400	-0.0040
61.9600	-0.0050
61.9800	-0.0050
62.0000	-0.0050
62.0200	-0.0060
62.0400	-0.0070
62.0600	-0.0080
62.0800	-0.0070
62.1000	-0.0080
62.1200	-0.0070
62.1400	-0.0070
62.1600	-0.0080
62.1800	-0.0080
62.2000	-0.0080
62.2200	-0.0080
62.2400	-0.0080
62.2600	-0.0080
62.2800	-0.0080
62.3000	-0.0070
62.3200	-0.0070
62.3400	-0.0070
62.3600	-0.0060
62.3800	-0.0070
62.4000	-0.0060
62.4200	-0.0060
62.4400	-0.0060
62.4600	-0.0050
62.4800	-0.0040
62.5000	-0.0030
62.5200	-0.0030
62.5400	-0.0020
62.5600	-0.0020
62.5800	-0.0010
62.6000	-0.0020
62.6200	-0.0000
62.6400	-0.0010
62.6600	0.0000
62.6800	0.0010
62.7000	0.0020
62.7200	0.0030
62.7400	0.0040
62.7600	0.0030
62.7800	0.0040
62.8000	0.0040
62.8200	0.0050
62.8400	0.0050
62.8600	0.0050
62.8800	0.0060
62.9000	0.0070
62.9200	0.0070
62.9400	0.0080
62.9600	0.0070
62.9800	0.0080
63.0000	0.0080
63.0200	0.0080
63.0400	0.0080
63.0600	0.0070
63.0800	0.0080
63.1000	0.0080
63.1200	0.0080
63.1400	0.0080
63.1600	0.0080
63.1800	0.0070
63.2000	0.0080
63.2200	0.0070
63.2400	0.0060
63.2600	0.0060
63.2800	0.0070
63.3000	0.0060
63.3200	0.0060
63.3400	0.0050
63.3600	0.0050
63.3800	0.0040
63.4000	0.0040
63.4200	0.0030
63.4400	0.0020
63.4600	0.0010
63.4800	0.0020
63.5000	0.0010
63.5200	0.0010
63.5400	0.0010
63.5600	-0.0010
63.5800	-0.0010
63.6000	-0.0010
63.6200	-0.0020
63.6400	-0.0030
63.6600	-0.0040
63.6800	-0.0040
63.7000	-0.0040
63.7200	-0.0050
63.7400	-0.0050
63.7600	-0.0060
63.7800	-0.0060
63.8000	-0.0060
63.8200	-0.0070
63.8400	-0.0080
63.8600	-0.0080
63.8800	-0.0080
63.9000	-0.0080
63.9200	-0.0070
63.9400	-0.0070
63.9600	-0.0080
63.9800	-0.0080
64.0000	-0.0080
64.0200	-0.0080
64.0400	-0.0080
64.0600	-0.0080
64.0800	-0.0070
64.1000	-0.0070
64.1200	-0.0060
64.1400	-0.0060
64.1600	-0.0060
64.1800	-0.0050
64.2000	-0.0050
64.2200	-0.0040
64.2400	-0.0050
64.2600	-0.0040
64.2800	-0.0030
64.3000	-0.0020
64.3200	-0.0020
64.3400	-0.0010
64.3600	-0.0010
64.3800	0.0000
64.4000	0.0000
64.4200	0.0010
64.4400	0.0010
64.4600	0.0010
64.4800	0.0020
64.5000	0.0030
64.5200	0.0030
64.5400	0.0040
64.5600	0.0040
64.5800	0.0050
64.6000	0.0050
64.6200	0.0060
64.6400	0.0050
64.6600	0.0060
64.6800	0.0070
64.7000	0.0070
64.7200	0.0070
64.7400	0.0080
64.7600	0.0080
64.7800	0.0080
64.8000	0.0080
64.8200	0.0080
64.8400	0.0080
64.8600	0.0080
64.8800	0.0080
64.9000	0.0080
64.9200	0.0080
64.9400	0.0080
64.9600	0.0070
64.9800	0.0060
65.0000	0.0070
65.0200	0.0060
65.0400	0.0060
65.0600	0.0050
65.0800	0.0050
65.1000	0.0050
65.1200	0.0050
65.1400	0.0040
65.1600	0.0040
65.1800	0.0030
65.2000	0.0030
65.2200	0.0020
65.2400	0.0010
65.2600	0.0000
65.2800	0.0000
65.3000	-0.0000
65.3200	-0.0000
65.3400	-0.0010
65.3600	-0.0020
65.3800	-0.0030
65.4000	-0.0030
65.4200	-0.0040
65.4400	-0.0050
65.4600	-0.0060
65.4800	-0.0050
65.5000	-0.0060
65.5200	-0.0050
65.5400	-0.0060
65.5600	-0.0070
65.5800	-0.0070
65.6000	-0.0070
65.6200	-0.0070
65.6400	-0.0080
65.6600	-0.0080
65.6800	-0.0080
65.7000	-0.0080
65.7200	-0.0070
65.7400	-0.0070
65.7600	-0.0080
65.7800	-0.0080
65.8000	-0.0080
65.8200	-0.0070
65.8400	-0.0070
65.8600	-0.0080
65.8800	-0.0070
65.9000	-0.0060
65.9200	-0.0050
65.9400	-0.0050
65.9600	-0.0050
65.9800	-0.0030
66.0000	-0.0040
66.0200	-0.0030
66.0400	-0.0040
66.0600	-0.0030
66.0800	-0.0010
66.1000	-0.0010
66.1200	-0.0000
66.1400	0.0000
66.1600	0.0000
66.1800	0.0010
66.2000	0.0020
66.2200	0.0020
66.2400	0.0020
66.2600	0.0030
66.2800	0.0040
66.3000	0.0050
66.3200	0.0050
66.3400	0.0060
66.3600	0.0050
66.3800	0.0060
66.4000	0.0060
66.4200	0.0070
66.4400	0.0060
66.4600	0.0070
66.4800	0.0070
66.5000	0.0070
66.5200	0.0080
66.5400	0.0080
66.5600	0.0080
66.5800	0.0080
66.6000	0.0080
66.6200	0.0080
66.6400	0.0080
66.6600	0.0070
66.6800	0.0080
66.7000	0.0080
66.7200	0.0070
66.7400	0.0070
66.7600	0.0070
66.7800	0.0060
66.8000	0.0060
66.8200	0.0060
66.8400	0.0050
66.8600	0.0040
66.8800	0.0050
66.9000	0.0040
66.9200	0.0040
66.9400	0.0030
66.9600	0.0030
66.9800	0.0020
67.0000	0.0010
67.0200	0.0010
67.0400	-0.0000
67.0600	-0.0010
67.0800	-0.0010
67.1000	-0.0020
67.1200	-0.0020
67.1400	-0.0020
67.1600	-0.0040
67.1800	-0.0040
67.2000	-0.0040
67.2200	-0.0050
67.2400	-0.0060
67.2600	-0.0060
67.2800	-0.0060
67.3000	-0.0070
67.3200	-0.0060
67.3400	-0.0060
67.3600	-0.0080
67.3800	-0.0080
67.4000	-0.0080
67.4200	-0.0080
67.4400	-0.0090
67.4600	-0.0080
67.4800	-0.0080
67.5000	-0.0080
67.5200	-0.0070
67.5400	-0.0070
67.5600	-0.0070
67.5800	-0.0070
67.6000	-0.0070
67.6200	-0.0070
67.6400	-0.0070
67.6600	-0.0070
67.6800	-0.0060
67.7000	-0.0050
67.7200	-0.0040
67.7400	-0.0040
67.7600	-0.0040
67.7800	-0.0030
67.8000	-0.0030
67.8200	-0.0020
67.8400	-0.0020
67.8600	-0.0010
67.8800	-0.0010
67.9000	-0.0000
67.9200	0.0010
67.9400	0.0020
67.9600	0.0020
67.9800	0.0020
68.0000	0.0040
68.0200	0.0030
68.0400	0.0030
68.0600	0.0040
68.0800	0.0050
68.1000	0.0060
68.1200	0.0060
68.1400	0.0060
68.1600	0.0060
68.1800	0.0070
68.2000	0.0070
68.2200	0.0070
68.2400	0.0070
68.2600	0.0070
68.2800	0.0080
68.3000	0.0080
68.3200	0.0080
68.3400	0.0080
68.3600	0.0080
68.3800	0.0080
68.4000	0.0080
68.4200	0.0080
68.4400	0.0070
68.4600	0.0070
68.4800	0.0080
68.5000	0.0080
68.5200	0.0070
68.5400	0.0060
68.5600	0.0060
68.5800	0.0050
68.6000	0.0060
68.6200	0.0050
68.6400	0.0040
68.6600	0.0040
68.6800	0.0030
68.7000	0.0030
68.7200	0.0030
68.7400	0.0020
68.7600	0.0010
68.7800	0.0010
68.8000	-0.0000
68.8200	-0.0010
68.8400	-0.0020
68.8600	-0.0030
68.8800	-0.0030
68.9000	-0.0030
68.9200	-0.0030
68.9400	-0.0040
68.9600	-0.0040
68.9800	-0.0050
69.0000	-0.0060
69.0200	-0.0050
69.0400	-0.0070
69.0600	-0.0070
69.0800	-0.0060
69.1000	-0.0070
69.1200	-0.0070
69.1400	-0.0070
69.1600	-0.0080
69.1800	-0.0080
69.2000	-0.0080
69.2200	-0.0080
69.2400	-0.0080
69.2600	-0.0090
69.2800	-0.0080
69.3000	-0.0080
69.3200	-0.0070
69.3400	-0.0070
69.3600	-0.0070
69.3800	-0.0070
69.4000	-0.0060
69.4200	-0.0060
69.4400	-0.0060
69.4600	-0.0060
69.4800	-0.0040
69.5000	-0.0040
69.5200	-0.0030
69.5400	-0.0030
69.5600	-0.0030
69.5800	-0.0020
69.6000	-0.0020
69.6200	-0.0010
69.6400	-0.0010
69.6600	-0.0000
69.6800	0.0000
69.7000	0.0010
69.7200	0.0020
69.7400	0.0030
69.7600	0.0030
69.7800	0.0040
69.8000	0.0040
69.8200	0.0040
69.8400	0.0040
69.8600	0.0050
69.8800	0.0060
69.9000	0.0060
69.9200	0.0060
69.9400	0.0070
69.9600	0.0070
69.9800	0.0070
70.0000	0.0080
70.0200	0.0070
70.0400	0.0080
70.0600	0.0080
70.0800	0.0080
70.1000	0.0080
70.1200	0.0080
70.1400	0.0080
70.1600	0.0080
70.1800	0.0080
70.2000	0.0080
70.2200	0.0070
70.2400	0.0070
70.2600	0.0060
70.2800	0.0070
70.3000	0.0060
70.3200	0.0060
70.3400	0.0060
70.3600	0.0050
70.3800	0.0050
70.4000	0.0040
70.4200	0.0040
70.4400	0.0020
70.4600	0.0020
70.4800	0.0020
70.5000	0.0010
70.5200	0.0020
70.5400	0.0010
70.5600	-0.0000
70.5800	-0.0010
70.6000	-0.0010
70.6200	-0.0020
70.6400	-0.0030
70.6600	-0.0040
70.6800	-0.0030
70.7000	-0.0040
70.7200	-0.0050
70.7400	-0.0040
70.7600	-0.0050
70.7800	-0.0060
70.8000	-0.0060
70.8200	-0.0070
70.8400	-0.0070
70.8600	-0.0080
70.8800	-0.0080
70.9000	-0.0080
70.9200	-0.0080
70.9400	-0.0080
70.9600	-0.0080
70.9800	-0.0080
71.0000	-0.0080
71.0200	-0.0080
71.0400	-0.0090
71.0600	-0.0080
71.0800	-0.0080
71.1000	-0.0070
71.1200	-0.0060
71.1400	-0.0060
71.1600	-0.0060
71.1800	-0.0060
71.2000	-0.0050
71.2200	-0.0050
71.2400	-0.0050
71.2600	-0.0040
71.2800	-0.0040
71.3000	-0.0030
71.3200	-0.0020
71.3400	-0.0010
71.3600	-0.0010
71.3800	-0.0010
71.4000	-0.0000
71.4200	0.0000
71.4400	0.0010
71.4600	0.0010
71.4800	0.0020
71.5000	0.0030
71.5200	0.0030
71.5400	0.0040
71.5600	0.0040
71.5800	0.0040
71.6000	0.0050
71.6200	0.0060
71.6400	0.0050
71.6600	0.0060
71.6800	0.0070
71.7000	0.0070
71.7200	0.0070
71.7400	0.0070
71.7600	0.0080
71.7800	0.0080
71.8000	0.0070
71.8200	0.0080
71.8400	0.0080
71.8600	0.0070
71.8800	0.0080
71.9000	0.0080
71.9200	0.0080
71.9400	0.0080
71.9600	0.0080
71.9800	0.0070
72.0000	0.0070
72.0200	0.0070
72.0400	0.0060
72.0600	0.0060
72.0800	0.0050
72.1000	0.0050
72.1200	0.0060
72.1400	0.0050
72.1600	0.0040
72.1800	0.0040
72.2000	0.0030
72.2200	0.0020
72.2400	0.0010
72.2600	0.0010
72.2800	0.0010
72.3000	0.0010
72.3200	0.0000
72.3400	-0.0000
72.3600	-0.0010
72.3800	-0.0020
72.4000	-0.0030
72.4200	-0.0030
72.4400	-0.0040
72.4600	-0.0050
72.4800	-0.0040
72.5000	-0.0050
72.5200	-0.0040
72.5400	-0.0050
72.5600	-0.0070
72.5800	-0.0070
72.6000	-0.0070
72.6200	-0.0080
72.6400	-0.0090
72.6600	-0.0080
72.6800	-0.0090
72.7000	-0.0080
72.7200	-0.0070
72.7400	-0.0070
72.7600	-0.0080
72.7800	-0.0080
72.8000	-0.0080
72.8200	-0.0080
72.8400	-0.0080
72.8600	-0.0080
72.8800	-0.0070
72.9000	-0.0060
72.9200	-0.0050
72.9400	-0.0050
72.9600	-0.0050
72.9800	-0.0050
73.0000	-0.0040
73.0200	-0.0040
73.0400	-0.0040
73.0600	-0.0030
73.0800	-0.0020
73.1000	-0.0020
73.1200	-0.0010
73.1400	-0.0000
73.1600	0.0000
73.1800	0.0000
73.2000	0.0010
73.2200	0.0010
73.2400	0.0010
73.2600	0.0020
73.2800	0.0030
73.3000	0.0040
73.3200	0.0050
73.3400	0.0050
73.3600	0.0050
73.3800	0.0060
73.4000	0.0060
73.4200	0.0060
73.4400	0.0060
73.4600	0.0060
73.4800	0.0080
73.5000	0.0070
73.5200	0.0080
73.5400	0.0080
73.5600	0.0080
73.5800	0.0070
73.6000	0.0080
73.6200	0.0080
73.6400	0.0080
73.6600	0.0080
73.6800	0.0080
73.7000	0.0080
73.7200	0.0070
73.7400	0.0080
73.7600	0.0070
73.7800	0.0070
73.8000	0.0060
73.8200	0.0060
73.8400	0.0050
73.8600	0.0050
73.8800	0.0050
73.9000	0.0050
73.9200	0.0040
73.9400	0.0040
73.9600	0.0030
73.9800	0.0020
74.0000	0.0020
74.0200	0.0010
74.0400	0.0010
74.0600	-0.0000
74.0800	-0.0010
74.1000	-0.0010
74.1200	-0.0010
74.1400	-0.0020
74.1600	-0.0020
74.1800	-0.0040
74.2000	-0.0040
74.2200	-0.0050
74.2400	-0.0060
74.2600	-0.0060
74.2800	-0.0060
74.3000	-0.0060
74.3200	-0.0060
74.3400	-0.0060
74.3600	-0.0070
74.3800	-0.0070
74.4000	-0.0080
74.4200	-0.0080
74.4400	-0.0090
74.4600	-0.0080
74.4800	-0.0080
74.5000	-0.0080
74.5200	-0.0070
74.5400	-0.0070
74.5600	-0.0080
74.5800	-0.0070
74.6000	-0.0080
74.6200	-0.0070
74.6400	-0.0080
74.6600	-0.0070
74.6800	-0.0060
74.7000	-0.0060
74.7200	-0.0050
74.7400	-0.0040
74.7600	-0.0050
74.7800	-0.0040
74.8000	-0.0030
74.8200	-0.0030
74.8400	-0.0030
74.8600	-0.0020
74.8800	-0.0010
74.9000	-0.0000
74.9200	0.0000
74.9400	0.0010
74.9600	0.0010
74.9800	0.0010
75.0000	0.0020
75.0200	0.0030
75.0400	0.0030
75.0600	0.0040
75.0800	0.0050
75.1000	0.0050
75.1200	0.0060
75.1400	0.0060
75.1600	0.0060
75.1800	0.0060
75.2000	0.0070
75.2200	0.0070
75.2400	0.0070
75.2600	0.0070
75.2800	0.0080
75.3000	0.0080
75.3200	0.0080
75.3400	0.0080
75.3600	0.0080
75.3800	0.0080
75.4000	0.0080
75.4200	0.0080
75.4400	0.0070
75.4600	0.0070
75.4800	0.0070
75.5000	0.0070
75.5200	0.0070
75.5400	0.0070
75.5600	0.0060
75.5800	0.0060
75.6000	0.0060
75.6200	0.0050
75.6400	0.0040
75.6600	0.0030
75.6800	0.0040
75.7000	0.0030
75.7200	0.0030
75.7400	0.0030
75.7600	0.0020
75.7800	0.0010
75.8000	0.0010
75.8200	-0.0000
75.8400	-0.0020
75.8600	-0.0020
75.8800	-0.0020
75.9000	-0.0020
75.9200	-0.0020
75.9400	-0.0030
75.9600	-0.0040
75.9800	-0.0050
76.0000	-0.0050
76.0200	-0.0060
76.0400	-0.0060
76.0600	-0.0070
76.0800	-0.0060
76.1000	-0.0070
76.1200	-0.0070
76.1400	-0.0070
76.1600	-0.0080
76.1800	-0.0070
76.2000	-0.0080
76.2200	-0.0080
76.2400	-0.0090
76.2600	-0.0080
76.2800	-0.0080
76.3000	-0.0080
76.3200	-0.0070
76.3400	-0.0070
76.3600	-0.0070
76.3800	-0.0070
76.4000	-0.0060
76.4200	-0.0060
76.4400	-0.0060
76.4600	-0.0060
76.4800	-0.0050
76.5000	-0.0050
76.5200	-0.0040
76.5400	-0.0030
76.5600	-0.0030
76.5800	-0.0030
76.6000	-0.0020
76.6200	-0.0020
76.6400	-0.0020
76.6600	-0.0010
76.6800	0.0010
76.7000	0.0010
76.7200	0.0020
76.7400	0.0030
76.7600	0.0030
76.7800	0.0030
76.8000	0.0040
76.8200	0.0040
76.8400	0.0040
76.8600	0.0040
76.8800	0.0060
76.9000	0.0060
76.9200	0.0060
76.9400	0.0060
76.9600	0.0070
76.9800	0.0070
77.0000	0.0080
77.0200	0.0080
77.0400	0.0070
77.0600	0.0070
77.0800	0.0080
77.1000	0.0080
77.1200	0.0080
77.1400	0.0080
77.1600	0.0080
77.1800	0.0080
77.2000	0.0080
77.2200	0.0070
77.2400	0.0070
77.2600	0.0070
77.2800	0.0070
77.3000	0.0070
77.3200	0.0070
77.3400	0.0070
77.3600	0.0050
77.3800	0.0050
77.4000	0.0050
77.4200	0.0040
77.4400	0.0030
77.4600	0.0030
77.4800	0.0030
77.5000	0.0020
77.5200	0.0020
77.5400	0.0010
77.5600	0.0000
77.5800	-0.0000
77.6000	-0.0010
77.6200	-0.0020
77.6400	-0.0030
77.6600	-0.0030
77.6800	-0.0030
77.7000	-0.0040
77.7200	-0.0040
77.7400	-0.0040
77.7600	-0.0050
77.7800	-0.0060
77.8000	-0.0060
77.8200	-0.0060
77.8400	-0.0070
77.8600	-0.0080
77.8800	-0.0070
77.9000	-0.0080
77.9200	-0.0080
77.9400	-0.0070
77.9600	-0.0080
77.9800	-0.0070
78.0000	-0.0080
78.0200	-0.0080
78.0400	-0.0080
78.0600	-0.0080
78.0800	-0.0080
78.1000	-0.0080
78.1200	-0.0060
78.1400	-0.0060
78.1600	-0.0060
78.1800	-0.0060
78.2000	-0.0060
78.2200	-0.0050
78.2400	-0.0050
78.2600	-0.0050
78.2800	-0.0040
78.3000	-0.0040
78.3200	-0.0020
78.3400	-0.0020
78.3600	-0.0020
78.3800	-0.0010
78.4000	-0.0010
78.4200	-0.0000
78.4400	-0.0000
78.4600	0.0010
78.4800	0.0020
78.5000	0.0020
78.5200	0.0030
78.5400	0.0030
78.5600	0.0040
78.5800	0.0040
78.6000	0.0050
78.6200	0.0050
78.6400	0.0050
78.6600	0.0060
78.6800	0.0060
78.7000	0.0070
78.7200	0.0070
78.7400	0.0070
78.7600	0.0070
78.7800	0.0080
78.8000	0.0080
78.8200	0.0080
78.8400	0.0080
78.8600	0.0080
78.8800	0.0090
78.9000	0.0090
78.9200	0.0080
78.9400	0.0080
78.9600	0.0080
78.9800	0.0080
79.0000	0.0070
79.0200	0.0070
79.0400	0.0060
79.0600	0.0060
79.0800	0.0060
79.1000	0.0060
79.1200	0.0060
79.1400	0.0050
79.1600	0.0040
79.1800	0.0040
79.2000	0.0040
79.2200	0.0030
79.2400	0.0020
79.2600	0.0020
79.2800	0.0010
79.3000	0.0010
79.3200	0.0010
79.3400	-0.0000
79.3600	-0.0010
79.3800	-0.0020
79.4000	-0.0020
79.4200	-0.0030
79.4400	-0.0040
79.4600	-0.0040
79.4800	-0.0050
79.5000	-0.0050
79.5200	-0.0050
79.5400	-0.0050
79.5600	-0.0060
79.5800	-0.0070
79.6000	-0.0070
79.6200	-0.0070
79.6400	-0.0080
79.6600	-0.0080
79.6800	-0.0080
79.7000	-0.0080
79.7200	-0.0070
79.7400	-0.0080
79.7600	-0.0080
79.7800	-0.0080
79.8000	-0.0080
79.8200	-0.0080
79.8400	-0.0080
79.8600	-0.0080
79.8800	-0.0070
79.9000	-0.0070
79.9200	-0.0060
79.9400	-0.0050
79.9600	-0.0060
79.9800	-0.0050
80.0000	-0.0050
80.0200	-0.0040
80.0400	-0.0050
80.0600	-0.0040
80.0800	-0.0030
80.1000	-0.0020
80.1200	-0.0010
80.1400	-0.0010
80.1600	-0.0010
80.1800	0.0000
80.2000	0.0010
80.2200	0.0010
80.2400	0.0010
80.2600	0.0020
80.2800	0.0030
80.3000	0.0030
80.3200	0.0040
80.3400	0.0040
80.3600	0.0050
80.3800	0.0050
80.4000	0.0050
80.4200	0.0060
