LDM 42E measurement:
Do, 4. Mai 2017
10:11:58
0.0200	-0.0180
0.0400	-0.0220
0.0600	0.0000
0.0800	0.0000
0.1000	0.0010
0.1200	0.0000
0.1400	0.0000
0.1600	0.0000
0.1800	-0.0000
0.2000	-0.0000
0.2200	-0.0000
0.2400	-0.0000
0.2600	0.0000
0.2800	0.0000
0.3000	0.0000
0.3200	0.0010
0.3400	-0.0000
0.3600	0.0000
0.3800	0.0000
0.4000	0.0000
0.4200	-0.0010
0.4400	0.0000
0.4600	0.0010
0.4800	0.0010
0.5000	0.0010
0.5200	0.0000
0.5400	0.0000
0.5600	0.0000
0.5800	0.0010
0.6000	0.0000
0.6200	0.0000
0.6400	-0.0000
0.6600	0.0000
0.6800	0.0000
0.7000	0.0000
0.7200	0.0010
0.7400	0.0000
0.7600	0.0000
0.7800	0.0000
0.8000	0.0010
0.8200	-0.0000
0.8400	-0.0000
0.8600	0.0000
0.8800	0.0000
0.9000	0.0010
0.9200	0.0010
0.9400	0.0000
0.9600	0.0000
0.9800	-0.0000
1.0000	-0.0000
1.0200	-0.0000
1.0400	0.0000
1.0600	0.0000
1.0800	0.0000
1.1000	0.0000
1.1200	0.0000
1.1400	0.0000
1.1600	0.0000
1.1800	0.0000
1.2000	0.0000
1.2200	-0.0010
1.2400	-0.0000
1.2600	0.0000
1.2800	0.0000
1.3000	0.0000
1.3200	0.0000
1.3400	-0.0000
1.3600	-0.0010
1.3800	-0.0010
1.4000	-0.0010
1.4200	-0.0010
1.4400	-0.0020
1.4600	-0.0010
1.4800	-0.0010
1.5000	-0.0010
1.5200	-0.0010
1.5400	-0.0020
1.5600	-0.0020
1.5800	-0.0020
1.6000	-0.0020
1.6200	-0.0030
1.6400	-0.0040
1.6600	-0.0030
1.6800	-0.0030
1.7000	-0.0030
1.7200	-0.0030
1.7400	-0.0040
1.7600	-0.0050
1.7800	-0.0040
1.8000	-0.0040
1.8200	-0.0050
1.8400	-0.0050
1.8600	-0.0050
1.8800	-0.0050
1.9000	-0.0040
1.9200	-0.0040
1.9400	-0.0050
1.9600	-0.0050
1.9800	-0.0040
2.0000	-0.0040
2.0200	-0.0050
2.0400	-0.0040
2.0600	-0.0040
2.0800	-0.0030
2.1000	-0.0020
2.1200	-0.0030
2.1400	-0.0030
2.1600	-0.0020
2.1800	-0.0010
2.2000	-0.0010
2.2200	-0.0010
2.2400	-0.0010
2.2600	-0.0000
2.2800	0.0010
2.3000	0.0020
2.3200	0.0020
2.3400	0.0020
2.3600	0.0030
2.3800	0.0040
2.4000	0.0040
2.4200	0.0040
2.4400	0.0040
2.4600	0.0060
2.4800	0.0060
2.5000	0.0070
2.5200	0.0080
2.5400	0.0070
2.5600	0.0080
2.5800	0.0080
2.6000	0.0090
2.6200	0.0080
2.6400	0.0080
2.6600	0.0090
2.6800	0.0090
2.7000	0.0090
2.7200	0.0090
2.7400	0.0080
2.7600	0.0080
2.7800	0.0080
2.8000	0.0080
2.8200	0.0070
2.8400	0.0070
2.8600	0.0060
2.8800	0.0060
2.9000	0.0050
2.9200	0.0040
2.9400	0.0040
2.9600	0.0020
2.9800	0.0020
3.0000	0.0010
3.0200	-0.0010
3.0400	-0.0010
3.0600	-0.0020
3.0800	-0.0020
3.1000	-0.0030
3.1200	-0.0040
3.1400	-0.0050
3.1600	-0.0060
3.1800	-0.0070
3.2000	-0.0080
3.2200	-0.0090
3.2400	-0.0100
3.2600	-0.0100
3.2800	-0.0100
3.3000	-0.0100
3.3200	-0.0110
3.3400	-0.0110
3.3600	-0.0120
3.3800	-0.0120
3.4000	-0.0120
3.4200	-0.0130
3.4400	-0.0130
3.4600	-0.0130
3.4800	-0.0120
3.5000	-0.0120
3.5200	-0.0110
3.5400	-0.0110
3.5600	-0.0100
3.5800	-0.0100
3.6000	-0.0090
3.6200	-0.0090
3.6400	-0.0090
3.6600	-0.0070
3.6800	-0.0060
3.7000	-0.0050
3.7200	-0.0030
3.7400	-0.0030
3.7600	-0.0020
3.7800	-0.0010
3.8000	0.0000
3.8200	0.0010
3.8400	0.0020
3.8600	0.0040
3.8800	0.0040
3.9000	0.0070
3.9200	0.0070
3.9400	0.0080
3.9600	0.0090
3.9800	0.0100
4.0000	0.0110
4.0200	0.0110
4.0400	0.0120
4.0600	0.0130
4.0800	0.0140
4.1000	0.0140
4.1200	0.0140
4.1400	0.0150
4.1600	0.0150
4.1800	0.0150
4.2000	0.0150
4.2200	0.0140
4.2400	0.0140
4.2600	0.0150
4.2800	0.0140
4.3000	0.0130
4.3200	0.0130
4.3400	0.0120
4.3600	0.0120
4.3800	0.0110
4.4000	0.0100
4.4200	0.0090
4.4400	0.0070
4.4600	0.0070
4.4800	0.0050
4.5000	0.0050
4.5200	0.0030
4.5400	0.0010
4.5600	0.0000
4.5800	-0.0010
4.6000	-0.0030
4.6200	-0.0040
4.6400	-0.0060
4.6600	-0.0070
4.6800	-0.0080
4.7000	-0.0090
4.7200	-0.0100
4.7400	-0.0120
4.7600	-0.0120
4.7800	-0.0130
4.8000	-0.0140
4.8200	-0.0160
4.8400	-0.0150
4.8600	-0.0160
4.8800	-0.0160
4.9000	-0.0160
4.9200	-0.0160
4.9400	-0.0160
4.9600	-0.0160
4.9800	-0.0170
5.0000	-0.0170
5.0200	-0.0160
5.0400	-0.0160
5.0600	-0.0160
5.0800	-0.0150
5.1000	-0.0130
5.1200	-0.0120
5.1400	-0.0120
5.1600	-0.0110
5.1800	-0.0090
5.2000	-0.0090
5.2200	-0.0080
5.2400	-0.0070
5.2600	-0.0050
5.2800	-0.0040
5.3000	-0.0010
5.3200	-0.0000
5.3400	0.0010
5.3600	0.0030
5.3800	0.0040
5.4000	0.0060
5.4200	0.0060
5.4400	0.0070
5.4600	0.0090
5.4800	0.0110
5.5000	0.0120
5.5200	0.0120
5.5400	0.0140
5.5600	0.0150
5.5800	0.0160
5.6000	0.0160
5.6200	0.0160
5.6400	0.0170
5.6600	0.0180
5.6800	0.0180
5.7000	0.0180
5.7200	0.0180
5.7400	0.0180
5.7600	0.0180
5.7800	0.0180
5.8000	0.0170
5.8200	0.0160
5.8400	0.0150
5.8600	0.0150
5.8800	0.0140
5.9000	0.0130
5.9200	0.0120
5.9400	0.0110
5.9600	0.0100
5.9800	0.0080
6.0000	0.0070
6.0200	0.0050
6.0400	0.0030
6.0600	0.0030
6.0800	0.0010
6.1000	0.0000
6.1200	-0.0020
6.1400	-0.0040
6.1600	-0.0050
6.1800	-0.0060
6.2000	-0.0080
6.2200	-0.0100
6.2400	-0.0110
6.2600	-0.0120
6.2800	-0.0130
6.3000	-0.0130
6.3200	-0.0140
6.3400	-0.0150
6.3600	-0.0160
6.3800	-0.0160
6.4000	-0.0170
6.4200	-0.0180
6.4400	-0.0190
6.4600	-0.0180
6.4800	-0.0190
6.5000	-0.0180
6.5200	-0.0170
6.5400	-0.0170
6.5600	-0.0170
6.5800	-0.0160
6.6000	-0.0160
6.6200	-0.0160
6.6400	-0.0140
6.6600	-0.0140
6.6800	-0.0130
6.7000	-0.0100
6.7200	-0.0100
6.7400	-0.0090
6.7600	-0.0070
6.7800	-0.0060
6.8000	-0.0050
6.8200	-0.0030
6.8400	-0.0020
6.8600	-0.0000
6.8800	0.0010
6.9000	0.0030
6.9200	0.0040
6.9400	0.0060
6.9600	0.0070
6.9800	0.0090
7.0000	0.0100
7.0200	0.0110
7.0400	0.0110
7.0600	0.0130
7.0800	0.0140
7.1000	0.0140
7.1200	0.0150
7.1400	0.0160
7.1600	0.0170
7.1800	0.0170
7.2000	0.0170
7.2200	0.0170
7.2400	0.0170
7.2600	0.0180
7.2800	0.0180
7.3000	0.0170
7.3200	0.0170
7.3400	0.0160
7.3600	0.0160
7.3800	0.0150
7.4000	0.0150
7.4200	0.0130
7.4400	0.0120
7.4600	0.0120
7.4800	0.0110
7.5000	0.0090
7.5200	0.0080
7.5400	0.0060
7.5600	0.0050
7.5800	0.0040
7.6000	0.0030
7.6200	0.0010
7.6400	-0.0000
7.6600	-0.0020
7.6800	-0.0030
7.7000	-0.0040
7.7200	-0.0050
7.7400	-0.0060
7.7600	-0.0080
7.7800	-0.0090
7.8000	-0.0110
7.8200	-0.0120
7.8400	-0.0130
7.8600	-0.0130
7.8800	-0.0140
7.9000	-0.0140
7.9200	-0.0140
7.9400	-0.0150
7.9600	-0.0160
7.9800	-0.0160
8.0000	-0.0160
8.0200	-0.0170
8.0400	-0.0170
8.0600	-0.0160
8.0800	-0.0160
8.1000	-0.0150
8.1200	-0.0140
8.1400	-0.0140
8.1600	-0.0130
8.1800	-0.0130
8.2000	-0.0120
8.2200	-0.0120
8.2400	-0.0110
8.2600	-0.0100
8.2800	-0.0080
8.3000	-0.0070
8.3200	-0.0050
8.3400	-0.0050
8.3600	-0.0030
8.3800	-0.0020
8.4000	-0.0010
8.4200	-0.0000
8.4400	0.0010
8.4600	0.0030
8.4800	0.0040
8.5000	0.0050
8.5200	0.0070
8.5400	0.0080
8.5600	0.0080
8.5800	0.0090
8.6000	0.0100
8.6200	0.0110
8.6400	0.0110
8.6600	0.0130
8.6800	0.0130
8.7000	0.0140
8.7200	0.0140
8.7400	0.0140
8.7600	0.0140
8.7800	0.0150
8.8000	0.0140
8.8200	0.0140
8.8400	0.0140
8.8600	0.0140
8.8800	0.0140
8.9000	0.0130
8.9200	0.0120
8.9400	0.0120
8.9600	0.0120
8.9800	0.0110
9.0000	0.0100
9.0200	0.0090
9.0400	0.0080
9.0600	0.0080
9.0800	0.0080
9.1000	0.0070
9.1200	0.0050
9.1400	0.0040
9.1600	0.0030
9.1800	0.0020
9.2000	0.0010
9.2200	-0.0000
9.2400	-0.0010
9.2600	-0.0020
9.2800	-0.0020
9.3000	-0.0030
9.3200	-0.0050
9.3400	-0.0050
9.3600	-0.0070
9.3800	-0.0070
9.4000	-0.0080
9.4200	-0.0090
9.4400	-0.0100
9.4600	-0.0100
9.4800	-0.0110
9.5000	-0.0100
9.5200	-0.0100
9.5400	-0.0110
9.5600	-0.0110
9.5800	-0.0120
9.6000	-0.0120
9.6200	-0.0120
9.6400	-0.0120
9.6600	-0.0120
9.6800	-0.0110
9.7000	-0.0100
9.7200	-0.0100
9.7400	-0.0100
9.7600	-0.0100
9.7800	-0.0090
9.8000	-0.0090
9.8200	-0.0080
9.8400	-0.0080
9.8600	-0.0070
9.8800	-0.0060
9.9000	-0.0050
9.9200	-0.0040
9.9400	-0.0030
9.9600	-0.0030
9.9800	-0.0020
10.0000	-0.0010
10.0200	-0.0000
10.0400	0.0010
10.0600	0.0020
10.0800	0.0030
10.1000	0.0040
10.1200	0.0040
10.1400	0.0050
10.1600	0.0050
10.1800	0.0060
10.2000	0.0070
10.2200	0.0070
10.2400	0.0080
10.2600	0.0080
10.2800	0.0090
10.3000	0.0090
10.3200	0.0100
10.3400	0.0090
10.3600	0.0090
10.3800	0.0100
10.4000	0.0100
10.4200	0.0090
10.4400	0.0090
10.4600	0.0100
10.4800	0.0100
10.5000	0.0090
10.5200	0.0090
10.5400	0.0090
10.5600	0.0090
10.5800	0.0080
10.6000	0.0080
10.6200	0.0060
10.6400	0.0070
10.6600	0.0060
10.6800	0.0060
10.7000	0.0060
10.7200	0.0040
10.7400	0.0040
10.7600	0.0030
10.7800	0.0020
10.8000	0.0020
10.8200	0.0010
10.8400	0.0000
10.8600	-0.0000
10.8800	-0.0000
10.9000	-0.0010
10.9200	-0.0020
10.9400	-0.0030
10.9600	-0.0030
10.9800	-0.0040
11.0000	-0.0040
11.0200	-0.0060
11.0400	-0.0060
11.0600	-0.0060
11.0800	-0.0060
11.1000	-0.0060
11.1200	-0.0070
11.1400	-0.0070
11.1600	-0.0080
11.1800	-0.0080
11.2000	-0.0090
11.2200	-0.0090
11.2400	-0.0100
11.2600	-0.0090
11.2800	-0.0090
11.3000	-0.0080
11.3200	-0.0080
11.3400	-0.0090
11.3600	-0.0080
11.3800	-0.0080
11.4000	-0.0080
11.4200	-0.0090
11.4400	-0.0080
11.4600	-0.0070
11.4800	-0.0060
11.5000	-0.0050
11.5200	-0.0040
11.5400	-0.0050
11.5600	-0.0040
11.5800	-0.0030
11.6000	-0.0030
11.6200	-0.0030
11.6400	-0.0030
11.6600	-0.0020
11.6800	-0.0000
11.7000	0.0000
11.7200	0.0010
11.7400	0.0010
11.7600	0.0020
11.7800	0.0020
11.8000	0.0020
11.8200	0.0020
11.8400	0.0040
11.8600	0.0040
11.8800	0.0050
11.9000	0.0060
11.9200	0.0060
11.9400	0.0060
11.9600	0.0060
11.9800	0.0070
12.0000	0.0070
12.0200	0.0070
12.0400	0.0070
12.0600	0.0080
12.0800	0.0090
12.1000	0.0080
12.1200	0.0090
12.1400	0.0080
12.1600	0.0080
12.1800	0.0080
12.2000	0.0080
12.2200	0.0070
12.2400	0.0070
12.2600	0.0080
12.2800	0.0080
12.3000	0.0070
12.3200	0.0070
12.3400	0.0060
12.3600	0.0060
12.3800	0.0050
12.4000	0.0050
12.4200	0.0040
12.4400	0.0040
12.4600	0.0030
12.4800	0.0030
12.5000	0.0020
12.5200	0.0020
12.5400	0.0010
12.5600	-0.0000
12.5800	-0.0010
12.6000	-0.0010
12.6200	-0.0020
12.6400	-0.0030
12.6600	-0.0030
12.6800	-0.0040
12.7000	-0.0040
12.7200	-0.0040
12.7400	-0.0060
12.7600	-0.0060
12.7800	-0.0060
12.8000	-0.0070
12.8200	-0.0080
12.8400	-0.0090
12.8600	-0.0090
12.8800	-0.0080
12.9000	-0.0080
12.9200	-0.0080
12.9400	-0.0080
12.9600	-0.0090
12.9800	-0.0090
13.0000	-0.0090
13.0200	-0.0100
13.0400	-0.0100
13.0600	-0.0090
13.0800	-0.0090
13.1000	-0.0080
13.1200	-0.0080
13.1400	-0.0080
13.1600	-0.0080
13.1800	-0.0080
13.2000	-0.0080
13.2200	-0.0080
13.2400	-0.0080
13.2600	-0.0070
13.2800	-0.0070
13.3000	-0.0060
13.3200	-0.0060
13.3400	-0.0060
13.3600	-0.0060
13.3800	-0.0050
13.4000	-0.0050
13.4200	-0.0050
13.4400	-0.0040
13.4600	-0.0040
13.4800	-0.0020
13.5000	-0.0010
13.5200	-0.0000
13.5400	-0.0010
13.5600	0.0000
13.5800	0.0010
13.6000	0.0010
13.6200	0.0020
13.6400	0.0030
13.6600	0.0040
13.6800	0.0050
13.7000	0.0060
13.7200	0.0070
13.7400	0.0070
13.7600	0.0070
13.7800	0.0080
13.8000	0.0080
13.8200	0.0080
13.8400	0.0080
13.8600	0.0100
13.8800	0.0090
13.9000	0.0100
13.9200	0.0090
13.9400	0.0090
13.9600	0.0090
13.9800	0.0090
14.0000	0.0090
14.0200	0.0080
14.0400	0.0080
14.0600	0.0080
14.0800	0.0080
14.1000	0.0070
14.1200	0.0070
14.1400	0.0060
14.1600	0.0050
14.1800	0.0050
14.2000	0.0040
14.2200	0.0030
14.2400	0.0030
14.2600	0.0030
14.2800	0.0020
14.3000	0.0020
14.3200	0.0010
14.3400	0.0000
14.3600	-0.0010
14.3800	-0.0010
14.4000	-0.0020
14.4200	-0.0030
14.4400	-0.0040
14.4600	-0.0040
14.4800	-0.0050
14.5000	-0.0050
14.5200	-0.0050
14.5400	-0.0060
14.5600	-0.0070
14.5800	-0.0070
14.6000	-0.0080
14.6200	-0.0090
14.6400	-0.0090
14.6600	-0.0090
14.6800	-0.0090
14.7000	-0.0080
14.7200	-0.0090
14.7400	-0.0090
14.7600	-0.0090
14.7800	-0.0090
14.8000	-0.0090
14.8200	-0.0090
14.8400	-0.0090
14.8600	-0.0080
14.8800	-0.0090
14.9000	-0.0070
14.9200	-0.0070
14.9400	-0.0080
14.9600	-0.0070
14.9800	-0.0070
15.0000	-0.0060
15.0200	-0.0060
15.0400	-0.0060
15.0600	-0.0040
15.0800	-0.0040
15.1000	-0.0030
15.1200	-0.0030
15.1400	-0.0020
15.1600	-0.0020
15.1800	-0.0000
15.2000	0.0000
15.2200	0.0000
15.2400	0.0010
15.2600	0.0030
15.2800	0.0030
15.3000	0.0050
15.3200	0.0050
15.3400	0.0050
15.3600	0.0060
15.3800	0.0080
15.4000	0.0080
15.4200	0.0080
15.4400	0.0090
15.4600	0.0090
15.4800	0.0100
15.5000	0.0100
15.5200	0.0110
15.5400	0.0110
15.5600	0.0110
15.5800	0.0110
15.6000	0.0120
15.6200	0.0110
15.6400	0.0110
15.6600	0.0120
15.6800	0.0110
15.7000	0.0110
15.7200	0.0110
15.7400	0.0100
15.7600	0.0090
15.7800	0.0090
15.8000	0.0080
15.8200	0.0070
15.8400	0.0060
15.8600	0.0060
15.8800	0.0040
15.9000	0.0030
15.9200	0.0030
15.9400	0.0010
15.9600	0.0000
15.9800	-0.0010
16.0000	-0.0020
16.0200	-0.0040
16.0400	-0.0050
16.0600	-0.0050
16.0800	-0.0070
16.1000	-0.0070
16.1200	-0.0080
16.1400	-0.0090
16.1600	-0.0100
16.1800	-0.0100
16.2000	-0.0120
16.2200	-0.0130
16.2400	-0.0140
16.2600	-0.0130
16.2800	-0.0130
16.3000	-0.0130
16.3200	-0.0130
16.3400	-0.0140
16.3600	-0.0140
16.3800	-0.0130
16.4000	-0.0130
16.4200	-0.0130
16.4400	-0.0140
16.4600	-0.0120
16.4800	-0.0120
16.5000	-0.0110
16.5200	-0.0100
16.5400	-0.0100
16.5600	-0.0090
16.5800	-0.0080
16.6000	-0.0080
16.6200	-0.0080
16.6400	-0.0060
16.6600	-0.0060
16.6800	-0.0040
16.7000	-0.0020
16.7200	-0.0020
16.7400	-0.0010
16.7600	0.0000
16.7800	0.0020
16.8000	0.0030
16.8200	0.0040
16.8400	0.0050
16.8600	0.0060
16.8800	0.0080
16.9000	0.0080
16.9200	0.0090
16.9400	0.0100
16.9600	0.0110
16.9800	0.0120
17.0000	0.0130
17.0200	0.0130
17.0400	0.0130
17.0600	0.0140
17.0800	0.0140
17.1000	0.0140
17.1200	0.0140
17.1400	0.0140
17.1600	0.0140
17.1800	0.0140
17.2000	0.0130
17.2200	0.0130
17.2400	0.0120
17.2600	0.0120
17.2800	0.0110
17.3000	0.0100
17.3200	0.0090
17.3400	0.0090
17.3600	0.0070
17.3800	0.0070
17.4000	0.0050
17.4200	0.0040
17.4400	0.0030
17.4600	0.0020
17.4800	0.0010
17.5000	0.0000
17.5200	-0.0010
17.5400	-0.0030
17.5600	-0.0030
17.5800	-0.0050
17.6000	-0.0060
17.6200	-0.0080
17.6400	-0.0090
17.6600	-0.0100
17.6800	-0.0110
17.7000	-0.0100
17.7200	-0.0110
17.7400	-0.0120
17.7600	-0.0130
17.7800	-0.0130
17.8000	-0.0140
17.8200	-0.0150
17.8400	-0.0150
17.8600	-0.0150
17.8800	-0.0150
17.9000	-0.0140
17.9200	-0.0140
17.9400	-0.0140
17.9600	-0.0140
17.9800	-0.0130
18.0000	-0.0130
18.0200	-0.0130
18.0400	-0.0120
18.0600	-0.0110
18.0800	-0.0100
18.1000	-0.0080
18.1200	-0.0080
18.1400	-0.0070
18.1600	-0.0060
18.1800	-0.0050
18.2000	-0.0040
18.2200	-0.0030
18.2400	-0.0020
18.2600	-0.0000
18.2800	0.0020
18.3000	0.0030
18.3200	0.0040
18.3400	0.0040
18.3600	0.0060
18.3800	0.0070
18.4000	0.0080
18.4200	0.0090
18.4400	0.0100
18.4600	0.0110
18.4800	0.0120
18.5000	0.0130
18.5200	0.0130
18.5400	0.0140
18.5600	0.0150
18.5800	0.0160
18.6000	0.0150
18.6200	0.0150
18.6400	0.0150
18.6600	0.0160
18.6800	0.0160
18.7000	0.0150
18.7200	0.0150
18.7400	0.0150
18.7600	0.0140
18.7800	0.0140
18.8000	0.0130
18.8200	0.0120
18.8400	0.0110
18.8600	0.0110
18.8800	0.0100
18.9000	0.0090
18.9200	0.0080
18.9400	0.0060
18.9600	0.0050
18.9800	0.0040
19.0000	0.0030
19.0200	0.0010
19.0400	0.0000
19.0600	-0.0010
19.0800	-0.0020
19.1000	-0.0030
19.1200	-0.0040
19.1400	-0.0060
19.1600	-0.0070
19.1800	-0.0080
19.2000	-0.0090
19.2200	-0.0110
19.2400	-0.0120
19.2600	-0.0130
19.2800	-0.0130
19.3000	-0.0130
19.3200	-0.0130
19.3400	-0.0150
19.3600	-0.0150
19.3800	-0.0150
19.4000	-0.0160
19.4200	-0.0160
19.4400	-0.0170
19.4600	-0.0160
19.4800	-0.0160
19.5000	-0.0150
19.5200	-0.0140
19.5400	-0.0140
19.5600	-0.0140
19.5800	-0.0130
19.6000	-0.0120
19.6200	-0.0120
19.6400	-0.0110
19.6600	-0.0100
19.6800	-0.0080
19.7000	-0.0070
19.7200	-0.0060
19.7400	-0.0050
19.7600	-0.0030
19.7800	-0.0030
19.8000	-0.0010
19.8200	-0.0000
19.8400	0.0010
19.8600	0.0030
19.8800	0.0040
19.9000	0.0050
19.9200	0.0060
19.9400	0.0070
19.9600	0.0090
19.9800	0.0100
20.0000	0.0100
20.0200	0.0110
20.0400	0.0120
20.0600	0.0130
20.0800	0.0140
20.1000	0.0140
20.1200	0.0140
20.1400	0.0150
20.1600	0.0150
20.1800	0.0160
20.2000	0.0160
20.2200	0.0150
20.2400	0.0150
20.2600	0.0160
20.2800	0.0150
20.3000	0.0140
20.3200	0.0140
20.3400	0.0130
20.3600	0.0130
20.3800	0.0120
20.4000	0.0110
20.4200	0.0100
20.4400	0.0090
20.4600	0.0090
20.4800	0.0080
20.5000	0.0060
20.5200	0.0050
20.5400	0.0040
20.5600	0.0030
20.5800	0.0020
20.6000	0.0010
20.6200	-0.0010
20.6400	-0.0030
20.6600	-0.0030
20.6800	-0.0050
20.7000	-0.0050
20.7200	-0.0060
20.7400	-0.0070
20.7600	-0.0090
20.7800	-0.0090
20.8000	-0.0110
20.8200	-0.0120
20.8400	-0.0130
20.8600	-0.0130
20.8800	-0.0140
20.9000	-0.0130
20.9200	-0.0130
20.9400	-0.0140
20.9600	-0.0140
20.9800	-0.0140
21.0000	-0.0150
21.0200	-0.0150
21.0400	-0.0150
21.0600	-0.0150
21.0800	-0.0140
21.1000	-0.0130
21.1200	-0.0120
21.1400	-0.0120
21.1600	-0.0110
21.1800	-0.0100
21.2000	-0.0100
21.2200	-0.0090
21.2400	-0.0090
21.2600	-0.0070
21.2800	-0.0070
21.3000	-0.0050
21.3200	-0.0030
21.3400	-0.0030
21.3600	-0.0010
21.3800	-0.0010
21.4000	0.0000
21.4200	0.0010
21.4400	0.0030
21.4600	0.0040
21.4800	0.0050
21.5000	0.0060
21.5200	0.0070
21.5400	0.0080
21.5600	0.0090
21.5800	0.0100
21.6000	0.0100
21.6200	0.0100
21.6400	0.0110
21.6600	0.0120
21.6800	0.0120
21.7000	0.0130
21.7200	0.0130
21.7400	0.0130
21.7600	0.0140
21.7800	0.0140
21.8000	0.0140
21.8200	0.0130
21.8400	0.0120
21.8600	0.0130
21.8800	0.0130
21.9000	0.0120
21.9200	0.0120
21.9400	0.0110
21.9600	0.0100
21.9800	0.0090
22.0000	0.0090
22.0200	0.0080
22.0400	0.0060
22.0600	0.0060
22.0800	0.0050
22.1000	0.0050
22.1200	0.0040
22.1400	0.0030
22.1600	0.0010
22.1800	0.0010
22.2000	-0.0000
22.2200	-0.0020
22.2400	-0.0030
22.2600	-0.0040
22.2800	-0.0040
22.3000	-0.0040
22.3200	-0.0050
22.3400	-0.0070
22.3600	-0.0070
22.3800	-0.0080
22.4000	-0.0090
22.4200	-0.0100
22.4400	-0.0100
22.4600	-0.0110
22.4800	-0.0110
22.5000	-0.0110
22.5200	-0.0110
22.5400	-0.0110
22.5600	-0.0120
22.5800	-0.0120
22.6000	-0.0120
22.6200	-0.0130
22.6400	-0.0120
22.6600	-0.0120
22.6800	-0.0110
22.7000	-0.0100
22.7200	-0.0100
22.7400	-0.0100
22.7600	-0.0090
22.7800	-0.0090
22.8000	-0.0080
22.8200	-0.0080
22.8400	-0.0070
22.8600	-0.0060
22.8800	-0.0050
22.9000	-0.0030
22.9200	-0.0030
22.9400	-0.0020
22.9600	-0.0020
22.9800	-0.0010
23.0000	0.0000
23.0200	0.0010
23.0400	0.0020
23.0600	0.0030
23.0800	0.0040
23.1000	0.0040
23.1200	0.0050
23.1400	0.0060
23.1600	0.0060
23.1800	0.0070
23.2000	0.0080
23.2200	0.0070
23.2400	0.0080
23.2600	0.0090
23.2800	0.0100
23.3000	0.0100
23.3200	0.0100
23.3400	0.0100
23.3600	0.0100
23.3800	0.0100
23.4000	0.0110
23.4200	0.0100
23.4400	0.0100
23.4600	0.0110
23.4800	0.0100
23.5000	0.0100
23.5200	0.0100
23.5400	0.0090
23.5600	0.0090
23.5800	0.0080
23.6000	0.0080
23.6200	0.0070
23.6400	0.0060
23.6600	0.0060
23.6800	0.0050
23.7000	0.0050
23.7200	0.0040
23.7400	0.0030
23.7600	0.0020
23.7800	0.0020
23.8000	0.0010
23.8200	-0.0000
23.8400	-0.0020
23.8600	-0.0010
23.8800	-0.0020
23.9000	-0.0020
23.9200	-0.0030
23.9400	-0.0040
23.9600	-0.0050
23.9800	-0.0060
24.0000	-0.0060
24.0200	-0.0070
24.0400	-0.0080
24.0600	-0.0080
24.0800	-0.0080
24.1000	-0.0080
24.1200	-0.0080
24.1400	-0.0090
24.1600	-0.0090
24.1800	-0.0090
24.2000	-0.0100
24.2200	-0.0100
24.2400	-0.0100
24.2600	-0.0100
24.2800	-0.0100
24.3000	-0.0080
24.3200	-0.0090
24.3400	-0.0090
24.3600	-0.0080
24.3800	-0.0090
24.4000	-0.0080
24.4200	-0.0080
24.4400	-0.0070
24.4600	-0.0060
24.4800	-0.0060
24.5000	-0.0040
24.5200	-0.0040
24.5400	-0.0040
24.5600	-0.0030
24.5800	-0.0020
24.6000	-0.0020
24.6200	-0.0020
24.6400	-0.0010
24.6600	0.0010
24.6800	0.0010
24.7000	0.0010
24.7200	0.0030
24.7400	0.0030
24.7600	0.0030
24.7800	0.0040
24.8000	0.0050
24.8200	0.0050
24.8400	0.0050
24.8600	0.0060
24.8800	0.0070
24.9000	0.0080
24.9200	0.0080
24.9400	0.0080
24.9600	0.0080
24.9800	0.0090
25.0000	0.0090
25.0200	0.0090
25.0400	0.0080
25.0600	0.0100
25.0800	0.0100
25.1000	0.0090
25.1200	0.0090
25.1400	0.0090
25.1600	0.0090
25.1800	0.0080
25.2000	0.0080
25.2200	0.0080
25.2400	0.0070
25.2600	0.0080
25.2800	0.0070
25.3000	0.0070
25.3200	0.0070
25.3400	0.0050
25.3600	0.0050
25.3800	0.0040
25.4000	0.0040
25.4200	0.0020
25.4400	0.0020
25.4600	0.0020
25.4800	0.0010
25.5000	0.0010
25.5200	0.0000
25.5400	-0.0010
25.5600	-0.0020
25.5800	-0.0030
25.6000	-0.0030
25.6200	-0.0050
25.6400	-0.0050
25.6600	-0.0050
25.6800	-0.0060
25.7000	-0.0060
25.7200	-0.0060
25.7400	-0.0070
25.7600	-0.0070
25.7800	-0.0080
25.8000	-0.0090
25.8200	-0.0090
25.8400	-0.0100
25.8600	-0.0090
25.8800	-0.0090
25.9000	-0.0090
25.9200	-0.0090
25.9400	-0.0090
25.9600	-0.0090
25.9800	-0.0090
26.0000	-0.0090
26.0200	-0.0090
26.0400	-0.0090
26.0600	-0.0080
26.0800	-0.0080
26.1000	-0.0070
26.1200	-0.0070
26.1400	-0.0070
26.1600	-0.0060
26.1800	-0.0060
26.2000	-0.0050
26.2200	-0.0040
26.2400	-0.0040
26.2600	-0.0020
26.2800	-0.0020
26.3000	-0.0010
26.3200	0.0000
26.3400	0.0010
26.3600	0.0010
26.3800	0.0020
26.4000	0.0030
26.4200	0.0030
26.4400	0.0030
26.4600	0.0050
26.4800	0.0060
26.5000	0.0060
26.5200	0.0070
26.5400	0.0070
26.5600	0.0080
26.5800	0.0080
26.6000	0.0080
26.6200	0.0090
26.6400	0.0090
26.6600	0.0100
26.6800	0.0100
26.7000	0.0100
26.7200	0.0100
26.7400	0.0100
26.7600	0.0100
26.7800	0.0100
26.8000	0.0100
26.8200	0.0100
26.8400	0.0100
26.8600	0.0100
26.8800	0.0100
26.9000	0.0090
26.9200	0.0090
26.9400	0.0080
26.9600	0.0070
26.9800	0.0070
27.0000	0.0070
27.0200	0.0050
27.0400	0.0040
27.0600	0.0050
27.0800	0.0040
27.1000	0.0030
27.1200	0.0020
27.1400	0.0010
27.1600	-0.0000
27.1800	-0.0010
27.2000	-0.0020
27.2200	-0.0030
27.2400	-0.0040
27.2600	-0.0040
27.2800	-0.0050
27.3000	-0.0050
27.3200	-0.0060
27.3400	-0.0070
27.3600	-0.0080
27.3800	-0.0080
27.4000	-0.0090
27.4200	-0.0100
27.4400	-0.0100
27.4600	-0.0110
27.4800	-0.0110
27.5000	-0.0110
27.5200	-0.0110
27.5400	-0.0110
27.5600	-0.0110
27.5800	-0.0110
27.6000	-0.0110
27.6200	-0.0110
27.6400	-0.0110
27.6600	-0.0110
27.6800	-0.0100
27.7000	-0.0090
27.7200	-0.0080
27.7400	-0.0090
27.7600	-0.0080
27.7800	-0.0080
27.8000	-0.0080
27.8200	-0.0070
27.8400	-0.0060
27.8600	-0.0050
27.8800	-0.0030
27.9000	-0.0030
27.9200	-0.0010
27.9400	-0.0010
27.9600	-0.0000
27.9800	0.0010
28.0000	0.0010
28.0200	0.0020
28.0400	0.0030
28.0600	0.0040
28.0800	0.0060
28.1000	0.0060
28.1200	0.0070
28.1400	0.0080
28.1600	0.0080
28.1800	0.0090
28.2000	0.0100
28.2200	0.0100
28.2400	0.0110
28.2600	0.0120
28.2800	0.0120
28.3000	0.0120
28.3200	0.0120
28.3400	0.0120
28.3600	0.0120
28.3800	0.0120
28.4000	0.0120
28.4200	0.0110
28.4400	0.0120
28.4600	0.0120
28.4800	0.0120
28.5000	0.0110
28.5200	0.0100
28.5400	0.0100
28.5600	0.0090
28.5800	0.0090
28.6000	0.0080
28.6200	0.0070
28.6400	0.0060
28.6600	0.0050
28.6800	0.0050
28.7000	0.0040
28.7200	0.0030
28.7400	0.0020
28.7600	0.0010
28.7800	-0.0000
28.8000	-0.0010
28.8200	-0.0030
28.8400	-0.0040
28.8600	-0.0050
28.8800	-0.0060
28.9000	-0.0050
28.9200	-0.0070
28.9400	-0.0080
28.9600	-0.0090
28.9800	-0.0100
29.0000	-0.0100
29.0200	-0.0110
29.0400	-0.0120
29.0600	-0.0120
29.0800	-0.0120
29.1000	-0.0120
29.1200	-0.0120
29.1400	-0.0130
29.1600	-0.0130
29.1800	-0.0130
29.2000	-0.0130
29.2200	-0.0130
29.2400	-0.0130
29.2600	-0.0120
29.2800	-0.0110
29.3000	-0.0100
29.3200	-0.0100
29.3400	-0.0090
29.3600	-0.0100
29.3800	-0.0080
29.4000	-0.0080
29.4200	-0.0080
29.4400	-0.0070
29.4600	-0.0050
29.4800	-0.0050
29.5000	-0.0030
29.5200	-0.0020
29.5400	-0.0020
29.5600	-0.0000
29.5800	0.0010
29.6000	0.0020
29.6200	0.0020
29.6400	0.0040
29.6600	0.0050
29.6800	0.0060
29.7000	0.0070
29.7200	0.0080
29.7400	0.0080
29.7600	0.0090
29.7800	0.0100
29.8000	0.0110
29.8200	0.0110
29.8400	0.0110
29.8600	0.0120
29.8800	0.0130
29.9000	0.0130
29.9200	0.0130
29.9400	0.0130
29.9600	0.0130
29.9800	0.0130
30.0000	0.0140
30.0200	0.0130
30.0400	0.0130
30.0600	0.0120
30.0800	0.0120
30.1000	0.0110
30.1200	0.0110
30.1400	0.0100
30.1600	0.0090
30.1800	0.0090
30.2000	0.0080
30.2200	0.0070
30.2400	0.0060
30.2600	0.0060
30.2800	0.0050
30.3000	0.0030
30.3200	0.0030
30.3400	0.0010
30.3600	0.0000
30.3800	-0.0010
30.4000	-0.0020
30.4200	-0.0030
30.4400	-0.0050
30.4600	-0.0050
30.4800	-0.0060
30.5000	-0.0070
30.5200	-0.0070
30.5400	-0.0090
30.5600	-0.0090
30.5800	-0.0110
30.6000	-0.0110
30.6200	-0.0120
30.6400	-0.0120
30.6600	-0.0130
30.6800	-0.0130
30.7000	-0.0120
30.7200	-0.0130
30.7400	-0.0130
30.7600	-0.0130
30.7800	-0.0130
30.8000	-0.0130
30.8200	-0.0140
30.8400	-0.0130
30.8600	-0.0120
30.8800	-0.0120
30.9000	-0.0100
30.9200	-0.0100
30.9400	-0.0100
30.9600	-0.0090
30.9800	-0.0090
31.0000	-0.0080
31.0200	-0.0080
31.0400	-0.0060
31.0600	-0.0050
31.0800	-0.0040
31.1000	-0.0020
31.1200	-0.0010
31.1400	-0.0010
31.1600	0.0010
31.1800	0.0010
31.2000	0.0020
31.2200	0.0030
31.2400	0.0040
31.2600	0.0050
31.2800	0.0070
31.3000	0.0080
31.3200	0.0080
31.3400	0.0090
31.3600	0.0100
31.3800	0.0110
31.4000	0.0110
31.4200	0.0110
31.4400	0.0120
31.4600	0.0120
31.4800	0.0130
31.5000	0.0130
31.5200	0.0130
31.5400	0.0130
31.5600	0.0130
31.5800	0.0130
31.6000	0.0130
31.6200	0.0120
31.6400	0.0120
31.6600	0.0120
31.6800	0.0120
31.7000	0.0110
31.7200	0.0100
31.7400	0.0100
31.7600	0.0090
31.7800	0.0090
31.8000	0.0080
31.8200	0.0070
31.8400	0.0050
31.8600	0.0050
31.8800	0.0040
31.9000	0.0030
31.9200	0.0020
31.9400	0.0010
31.9600	-0.0000
31.9800	-0.0010
32.0000	-0.0020
32.0200	-0.0040
32.0400	-0.0040
32.0600	-0.0050
32.0800	-0.0060
32.1000	-0.0060
32.1200	-0.0070
32.1400	-0.0090
32.1600	-0.0090
32.1800	-0.0100
32.2000	-0.0100
32.2200	-0.0110
32.2400	-0.0120
32.2600	-0.0120
32.2800	-0.0120
32.3000	-0.0120
32.3200	-0.0120
32.3400	-0.0130
32.3600	-0.0120
32.3800	-0.0130
32.4000	-0.0120
32.4200	-0.0130
32.4400	-0.0120
32.4600	-0.0120
32.4800	-0.0120
32.5000	-0.0100
32.5200	-0.0090
32.5400	-0.0090
32.5600	-0.0090
32.5800	-0.0080
32.6000	-0.0070
32.6200	-0.0070
32.6400	-0.0060
32.6600	-0.0040
32.6800	-0.0040
32.7000	-0.0020
32.7200	-0.0010
32.7400	-0.0010
32.7600	0.0000
32.7800	0.0020
32.8000	0.0020
32.8200	0.0030
32.8400	0.0030
32.8600	0.0050
32.8800	0.0060
32.9000	0.0070
32.9200	0.0080
32.9400	0.0090
32.9600	0.0090
32.9800	0.0100
33.0000	0.0100
33.0200	0.0100
33.0400	0.0110
33.0600	0.0110
33.0800	0.0120
33.1000	0.0120
33.1200	0.0110
33.1400	0.0120
33.1600	0.0120
33.1800	0.0120
33.2000	0.0120
33.2200	0.0110
33.2400	0.0110
33.2600	0.0110
33.2800	0.0110
33.3000	0.0100
33.3200	0.0100
33.3400	0.0090
33.3600	0.0080
33.3800	0.0080
33.4000	0.0070
33.4200	0.0060
33.4400	0.0050
33.4600	0.0050
33.4800	0.0040
33.5000	0.0030
33.5200	0.0030
33.5400	0.0010
33.5600	0.0000
33.5800	-0.0010
33.6000	-0.0010
33.6200	-0.0030
33.6400	-0.0040
33.6600	-0.0040
33.6800	-0.0050
33.7000	-0.0050
33.7200	-0.0060
33.7400	-0.0070
33.7600	-0.0080
33.7800	-0.0090
33.8000	-0.0090
33.8200	-0.0100
33.8400	-0.0110
33.8600	-0.0110
33.8800	-0.0110
33.9000	-0.0100
33.9200	-0.0110
33.9400	-0.0110
33.9600	-0.0110
33.9800	-0.0110
34.0000	-0.0120
34.0200	-0.0120
34.0400	-0.0120
34.0600	-0.0110
34.0800	-0.0100
34.1000	-0.0100
34.1200	-0.0090
34.1400	-0.0090
34.1600	-0.0080
34.1800	-0.0080
34.2000	-0.0070
34.2200	-0.0070
34.2400	-0.0060
34.2600	-0.0050
34.2800	-0.0040
34.3000	-0.0020
34.3200	-0.0020
34.3400	-0.0020
34.3600	-0.0010
34.3800	0.0000
34.4000	0.0010
34.4200	0.0010
34.4400	0.0030
34.4600	0.0040
34.4800	0.0050
34.5000	0.0050
34.5200	0.0060
34.5400	0.0060
34.5600	0.0070
34.5800	0.0080
34.6000	0.0090
34.6200	0.0090
34.6400	0.0090
34.6600	0.0100
34.6800	0.0100
34.7000	0.0110
34.7200	0.0110
34.7400	0.0110
34.7600	0.0110
34.7800	0.0110
34.8000	0.0110
34.8200	0.0110
34.8400	0.0100
34.8600	0.0110
34.8800	0.0100
34.9000	0.0100
34.9200	0.0100
34.9400	0.0090
34.9600	0.0080
34.9800	0.0080
35.0000	0.0080
35.0200	0.0060
35.0400	0.0060
35.0600	0.0050
35.0800	0.0050
35.1000	0.0040
35.1200	0.0040
35.1400	0.0030
35.1600	0.0020
35.1800	0.0010
35.2000	-0.0000
35.2200	-0.0020
35.2400	-0.0020
35.2600	-0.0020
35.2800	-0.0040
35.3000	-0.0030
35.3200	-0.0040
35.3400	-0.0050
35.3600	-0.0060
35.3800	-0.0070
35.4000	-0.0080
35.4200	-0.0090
35.4400	-0.0100
35.4600	-0.0090
35.4800	-0.0100
35.5000	-0.0090
35.5200	-0.0100
35.5400	-0.0100
35.5600	-0.0110
35.5800	-0.0110
35.6000	-0.0100
35.6200	-0.0110
35.6400	-0.0120
35.6600	-0.0110
35.6800	-0.0100
35.7000	-0.0100
35.7200	-0.0090
35.7400	-0.0090
35.7600	-0.0090
35.7800	-0.0080
35.8000	-0.0070
35.8200	-0.0070
35.8400	-0.0080
35.8600	-0.0060
35.8800	-0.0050
35.9000	-0.0040
35.9200	-0.0030
35.9400	-0.0030
35.9600	-0.0020
35.9800	-0.0010
36.0000	-0.0000
36.0200	-0.0000
36.0400	0.0010
36.0600	0.0020
36.0800	0.0030
36.1000	0.0040
36.1200	0.0040
36.1400	0.0050
36.1600	0.0050
36.1800	0.0070
36.2000	0.0070
36.2200	0.0070
36.2400	0.0070
36.2600	0.0090
36.2800	0.0090
36.3000	0.0090
36.3200	0.0100
36.3400	0.0100
36.3600	0.0100
36.3800	0.0110
36.4000	0.0110
36.4200	0.0100
36.4400	0.0100
36.4600	0.0110
36.4800	0.0110
36.5000	0.0100
36.5200	0.0100
36.5400	0.0100
36.5600	0.0100
36.5800	0.0090
36.6000	0.0080
36.6200	0.0070
36.6400	0.0070
36.6600	0.0070
36.6800	0.0060
36.7000	0.0060
36.7200	0.0050
36.7400	0.0040
36.7600	0.0030
36.7800	0.0020
36.8000	0.0020
36.8200	0.0010
36.8400	-0.0010
36.8600	-0.0010
36.8800	-0.0010
36.9000	-0.0020
36.9200	-0.0030
36.9400	-0.0040
36.9600	-0.0050
36.9800	-0.0060
37.0000	-0.0060
37.0200	-0.0080
37.0400	-0.0080
37.0600	-0.0080
37.0800	-0.0090
37.1000	-0.0080
37.1200	-0.0090
37.1400	-0.0090
37.1600	-0.0100
37.1800	-0.0100
37.2000	-0.0110
37.2200	-0.0110
37.2400	-0.0110
37.2600	-0.0110
37.2800	-0.0120
37.3000	-0.0100
37.3200	-0.0100
37.3400	-0.0100
37.3600	-0.0100
37.3800	-0.0100
37.4000	-0.0090
37.4200	-0.0090
37.4400	-0.0080
37.4600	-0.0080
37.4800	-0.0070
37.5000	-0.0050
37.5200	-0.0050
37.5400	-0.0040
37.5600	-0.0040
37.5800	-0.0030
37.6000	-0.0020
37.6200	-0.0020
37.6400	-0.0010
37.6600	0.0010
37.6800	0.0010
37.7000	0.0020
37.7200	0.0030
37.7400	0.0040
37.7600	0.0050
37.7800	0.0050
37.8000	0.0060
37.8200	0.0060
37.8400	0.0070
37.8600	0.0080
37.8800	0.0090
37.9000	0.0090
37.9200	0.0100
37.9400	0.0100
37.9600	0.0100
37.9800	0.0110
38.0000	0.0110
38.0200	0.0110
38.0400	0.0110
38.0600	0.0120
38.0800	0.0110
38.1000	0.0110
38.1200	0.0110
38.1400	0.0110
38.1600	0.0100
38.1800	0.0100
38.2000	0.0100
38.2200	0.0090
38.2400	0.0090
38.2600	0.0090
38.2800	0.0080
38.3000	0.0080
38.3200	0.0070
38.3400	0.0050
38.3600	0.0050
38.3800	0.0040
38.4000	0.0030
38.4200	0.0010
38.4400	0.0010
38.4600	0.0010
38.4800	-0.0000
38.5000	-0.0010
38.5200	-0.0020
38.5400	-0.0030
38.5600	-0.0040
38.5800	-0.0050
38.6000	-0.0060
38.6200	-0.0070
38.6400	-0.0080
38.6600	-0.0080
38.6800	-0.0090
38.7000	-0.0080
38.7200	-0.0090
38.7400	-0.0090
38.7600	-0.0110
38.7800	-0.0110
38.8000	-0.0110
38.8200	-0.0130
38.8400	-0.0130
38.8600	-0.0120
38.8800	-0.0110
38.9000	-0.0110
38.9200	-0.0110
38.9400	-0.0110
38.9600	-0.0110
38.9800	-0.0110
39.0000	-0.0100
39.0200	-0.0100
39.0400	-0.0100
39.0600	-0.0090
39.0800	-0.0080
39.1000	-0.0070
39.1200	-0.0060
39.1400	-0.0060
39.1600	-0.0050
39.1800	-0.0040
39.2000	-0.0040
39.2200	-0.0030
39.2400	-0.0020
39.2600	-0.0010
39.2800	0.0010
39.3000	0.0020
39.3200	0.0030
39.3400	0.0030
39.3600	0.0040
39.3800	0.0050
39.4000	0.0060
39.4200	0.0060
39.4400	0.0070
39.4600	0.0080
39.4800	0.0090
39.5000	0.0100
39.5200	0.0100
39.5400	0.0100
39.5600	0.0100
39.5800	0.0110
39.6000	0.0120
39.6200	0.0110
39.6400	0.0110
39.6600	0.0120
39.6800	0.0120
39.7000	0.0120
39.7200	0.0120
39.7400	0.0120
39.7600	0.0110
39.7800	0.0110
39.8000	0.0110
39.8200	0.0100
39.8400	0.0090
39.8600	0.0090
39.8800	0.0090
39.9000	0.0090
39.9200	0.0070
39.9400	0.0060
39.9600	0.0060
39.9800	0.0050
40.0000	0.0040
40.0200	0.0020
40.0400	0.0020
40.0600	0.0010
40.0800	0.0010
40.1000	-0.0000
40.1200	-0.0010
40.1400	-0.0020
40.1600	-0.0040
40.1800	-0.0040
40.2000	-0.0050
40.2200	-0.0060
40.2400	-0.0070
40.2600	-0.0080
40.2800	-0.0090
40.3000	-0.0090
40.3200	-0.0090
40.3400	-0.0100
40.3600	-0.0110
40.3800	-0.0110
40.4000	-0.0120
40.4200	-0.0120
40.4400	-0.0120
40.4600	-0.0120
40.4800	-0.0120
40.5000	-0.0120
40.5200	-0.0110
40.5400	-0.0120
40.5600	-0.0120
40.5800	-0.0110
40.6000	-0.0110
40.6200	-0.0110
40.6400	-0.0110
40.6600	-0.0100
40.6800	-0.0080
40.7000	-0.0070
40.7200	-0.0070
40.7400	-0.0060
40.7600	-0.0060
40.7800	-0.0050
40.8000	-0.0040
40.8200	-0.0040
40.8400	-0.0030
40.8600	-0.0010
40.8800	0.0000
40.9000	0.0010
40.9200	0.0020
40.9400	0.0030
40.9600	0.0030
40.9800	0.0050
41.0000	0.0060
41.0200	0.0050
41.0400	0.0070
41.0600	0.0080
41.0800	0.0090
41.1000	0.0090
41.1200	0.0100
41.1400	0.0100
41.1600	0.0110
41.1800	0.0110
41.2000	0.0120
41.2200	0.0120
41.2400	0.0120
41.2600	0.0120
41.2800	0.0130
41.3000	0.0130
41.3200	0.0120
41.3400	0.0120
41.3600	0.0120
41.3800	0.0120
41.4000	0.0110
41.4200	0.0100
41.4400	0.0100
41.4600	0.0100
41.4800	0.0100
41.5000	0.0090
41.5200	0.0080
41.5400	0.0070
41.5600	0.0060
41.5800	0.0060
41.6000	0.0050
41.6200	0.0030
41.6400	0.0020
41.6600	0.0020
41.6800	0.0010
41.7000	0.0000
41.7200	-0.0010
41.7400	-0.0020
41.7600	-0.0040
41.7800	-0.0040
41.8000	-0.0050
41.8200	-0.0070
41.8400	-0.0080
41.8600	-0.0080
41.8800	-0.0090
41.9000	-0.0080
41.9200	-0.0090
41.9400	-0.0100
41.9600	-0.0110
41.9800	-0.0110
42.0000	-0.0120
42.0200	-0.0120
42.0400	-0.0120
42.0600	-0.0120
42.0800	-0.0130
42.1000	-0.0120
42.1200	-0.0110
42.1400	-0.0120
42.1600	-0.0120
42.1800	-0.0110
42.2000	-0.0110
42.2200	-0.0110
42.2400	-0.0110
42.2600	-0.0100
42.2800	-0.0090
42.3000	-0.0080
42.3200	-0.0070
42.3400	-0.0070
42.3600	-0.0060
42.3800	-0.0050
42.4000	-0.0040
42.4200	-0.0040
42.4400	-0.0030
42.4600	-0.0020
42.4800	-0.0010
42.5000	0.0010
42.5200	0.0020
42.5400	0.0020
42.5600	0.0040
42.5800	0.0040
42.6000	0.0040
42.6200	0.0050
42.6400	0.0060
42.6600	0.0080
42.6800	0.0090
42.7000	0.0090
42.7200	0.0090
42.7400	0.0100
42.7600	0.0100
42.7800	0.0110
42.8000	0.0110
42.8200	0.0110
42.8400	0.0120
42.8600	0.0130
42.8800	0.0130
42.9000	0.0120
42.9200	0.0120
42.9400	0.0120
42.9600	0.0120
42.9800	0.0120
43.0000	0.0110
43.0200	0.0100
43.0400	0.0100
43.0600	0.0100
43.0800	0.0090
43.1000	0.0090
43.1200	0.0080
43.1400	0.0070
43.1600	0.0060
43.1800	0.0060
43.2000	0.0050
43.2200	0.0040
43.2400	0.0020
43.2600	0.0020
43.2800	0.0010
43.3000	0.0010
43.3200	-0.0010
43.3400	-0.0020
43.3600	-0.0030
43.3800	-0.0040
43.4000	-0.0040
43.4200	-0.0060
43.4400	-0.0070
43.4600	-0.0070
43.4800	-0.0080
43.5000	-0.0080
43.5200	-0.0090
43.5400	-0.0090
43.5600	-0.0100
43.5800	-0.0110
43.6000	-0.0110
43.6200	-0.0120
43.6400	-0.0120
43.6600	-0.0120
43.6800	-0.0120
43.7000	-0.0110
43.7200	-0.0110
43.7400	-0.0120
43.7600	-0.0120
43.7800	-0.0110
43.8000	-0.0110
43.8200	-0.0110
43.8400	-0.0110
43.8600	-0.0100
43.8800	-0.0090
43.9000	-0.0080
43.9200	-0.0070
43.9400	-0.0070
43.9600	-0.0060
43.9800	-0.0060
44.0000	-0.0050
44.0200	-0.0040
44.0400	-0.0030
44.0600	-0.0020
44.0800	-0.0010
44.1000	0.0010
44.1200	0.0010
44.1400	0.0010
44.1600	0.0020
44.1800	0.0030
44.2000	0.0040
44.2200	0.0050
44.2400	0.0050
44.2600	0.0060
44.2800	0.0080
44.3000	0.0080
44.3200	0.0090
44.3400	0.0090
44.3600	0.0100
44.3800	0.0110
44.4000	0.0110
44.4200	0.0110
44.4400	0.0110
44.4600	0.0120
44.4800	0.0120
44.5000	0.0120
44.5200	0.0120
44.5400	0.0120
44.5600	0.0110
44.5800	0.0110
44.6000	0.0110
44.6200	0.0100
44.6400	0.0100
44.6600	0.0100
44.6800	0.0100
44.7000	0.0090
44.7200	0.0080
44.7400	0.0080
44.7600	0.0070
44.7800	0.0060
44.8000	0.0050
44.8200	0.0040
44.8400	0.0030
44.8600	0.0030
44.8800	0.0020
44.9000	0.0010
44.9200	0.0000
44.9400	-0.0010
44.9600	-0.0020
44.9800	-0.0030
45.0000	-0.0030
45.0200	-0.0050
45.0400	-0.0060
45.0600	-0.0070
45.0800	-0.0070
45.1000	-0.0070
45.1200	-0.0070
45.1400	-0.0090
45.1600	-0.0100
45.1800	-0.0100
45.2000	-0.0100
45.2200	-0.0110
45.2400	-0.0110
45.2600	-0.0120
45.2800	-0.0120
45.3000	-0.0110
45.3200	-0.0110
45.3400	-0.0120
45.3600	-0.0120
45.3800	-0.0120
45.4000	-0.0110
45.4200	-0.0110
45.4400	-0.0110
45.4600	-0.0100
45.4800	-0.0100
45.5000	-0.0080
45.5200	-0.0080
45.5400	-0.0070
45.5600	-0.0070
45.5800	-0.0060
45.6000	-0.0050
45.6200	-0.0050
45.6400	-0.0040
45.6600	-0.0030
45.6800	-0.0020
45.7000	-0.0010
45.7200	0.0000
45.7400	0.0010
45.7600	0.0020
45.7800	0.0030
45.8000	0.0030
45.8200	0.0040
45.8400	0.0050
45.8600	0.0060
45.8800	0.0070
45.9000	0.0080
45.9200	0.0080
45.9400	0.0080
45.9600	0.0090
45.9800	0.0100
46.0000	0.0100
46.0200	0.0100
46.0400	0.0100
46.0600	0.0110
46.0800	0.0110
46.1000	0.0110
46.1200	0.0110
46.1400	0.0110
46.1600	0.0110
46.1800	0.0110
46.2000	0.0110
46.2200	0.0100
46.2400	0.0100
46.2600	0.0110
46.2800	0.0100
46.3000	0.0090
46.3200	0.0090
46.3400	0.0080
46.3600	0.0070
46.3800	0.0070
46.4000	0.0060
46.4200	0.0050
46.4400	0.0040
46.4600	0.0040
46.4800	0.0030
46.5000	0.0020
46.5200	0.0010
46.5400	0.0000
46.5600	-0.0010
46.5800	-0.0010
46.6000	-0.0020
46.6200	-0.0040
46.6400	-0.0040
46.6600	-0.0050
46.6800	-0.0060
46.7000	-0.0060
46.7200	-0.0060
46.7400	-0.0080
46.7600	-0.0080
46.7800	-0.0090
46.8000	-0.0090
46.8200	-0.0110
46.8400	-0.0110
46.8600	-0.0110
46.8800	-0.0110
46.9000	-0.0100
46.9200	-0.0110
46.9400	-0.0110
46.9600	-0.0110
46.9800	-0.0110
47.0000	-0.0110
47.0200	-0.0110
47.0400	-0.0110
47.0600	-0.0100
47.0800	-0.0100
47.1000	-0.0080
47.1200	-0.0080
47.1400	-0.0080
47.1600	-0.0070
47.1800	-0.0070
47.2000	-0.0060
47.2200	-0.0060
47.2400	-0.0050
47.2600	-0.0040
47.2800	-0.0030
47.3000	-0.0020
47.3200	-0.0010
47.3400	-0.0000
47.3600	0.0010
47.3800	0.0010
47.4000	0.0020
47.4200	0.0020
47.4400	0.0030
47.4600	0.0050
47.4800	0.0060
47.5000	0.0060
47.5200	0.0070
47.5400	0.0070
47.5600	0.0080
47.5800	0.0080
47.6000	0.0090
47.6200	0.0090
47.6400	0.0100
47.6600	0.0110
47.6800	0.0110
47.7000	0.0110
47.7200	0.0110
47.7400	0.0120
47.7600	0.0110
47.7800	0.0120
47.8000	0.0120
47.8200	0.0110
47.8400	0.0110
47.8600	0.0110
47.8800	0.0110
47.9000	0.0100
47.9200	0.0090
47.9400	0.0090
47.9600	0.0080
47.9800	0.0080
48.0000	0.0080
48.0200	0.0060
48.0400	0.0050
48.0600	0.0050
48.0800	0.0040
48.1000	0.0030
48.1200	0.0030
48.1400	0.0020
48.1600	0.0010
48.1800	-0.0000
48.2000	-0.0010
48.2200	-0.0020
48.2400	-0.0030
48.2600	-0.0040
48.2800	-0.0040
48.3000	-0.0050
48.3200	-0.0060
48.3400	-0.0070
48.3600	-0.0080
48.3800	-0.0080
48.4000	-0.0090
48.4200	-0.0100
48.4400	-0.0100
48.4600	-0.0110
48.4800	-0.0110
48.5000	-0.0110
48.5200	-0.0110
48.5400	-0.0110
48.5600	-0.0110
48.5800	-0.0110
48.6000	-0.0120
48.6200	-0.0120
48.6400	-0.0110
48.6600	-0.0110
48.6800	-0.0100
48.7000	-0.0090
48.7200	-0.0090
48.7400	-0.0090
48.7600	-0.0080
48.7800	-0.0080
48.8000	-0.0070
48.8200	-0.0070
48.8400	-0.0060
48.8600	-0.0050
48.8800	-0.0050
48.9000	-0.0030
48.9200	-0.0020
48.9400	-0.0010
48.9600	-0.0010
48.9800	-0.0000
49.0000	0.0010
49.0200	0.0010
49.0400	0.0020
49.0600	0.0040
49.0800	0.0050
49.1000	0.0060
49.1200	0.0060
49.1400	0.0070
49.1600	0.0070
49.1800	0.0080
49.2000	0.0090
49.2200	0.0090
49.2400	0.0090
49.2600	0.0110
49.2800	0.0110
49.3000	0.0110
49.3200	0.0110
49.3400	0.0120
49.3600	0.0110
49.3800	0.0120
49.4000	0.0120
49.4200	0.0110
49.4400	0.0110
49.4600	0.0110
49.4800	0.0110
49.5000	0.0110
49.5200	0.0100
49.5400	0.0090
49.5600	0.0100
49.5800	0.0090
49.6000	0.0080
49.6200	0.0070
49.6400	0.0060
49.6600	0.0060
49.6800	0.0060
49.7000	0.0050
49.7200	0.0040
49.7400	0.0030
49.7600	0.0020
49.7800	0.0010
49.8000	-0.0000
49.8200	-0.0010
49.8400	-0.0020
49.8600	-0.0030
49.8800	-0.0040
49.9000	-0.0040
49.9200	-0.0050
49.9400	-0.0060
49.9600	-0.0070
49.9800	-0.0070
50.0000	-0.0090
50.0200	-0.0100
50.0400	-0.0100
50.0600	-0.0100
50.0800	-0.0110
50.1000	-0.0100
50.1200	-0.0110
50.1400	-0.0110
50.1600	-0.0120
50.1800	-0.0120
50.2000	-0.0110
50.2200	-0.0130
50.2400	-0.0120
50.2600	-0.0110
50.2800	-0.0110
50.3000	-0.0100
50.3200	-0.0100
50.3400	-0.0100
50.3600	-0.0090
50.3800	-0.0090
50.4000	-0.0080
50.4200	-0.0080
50.4400	-0.0070
50.4600	-0.0060
50.4800	-0.0060
50.5000	-0.0040
50.5200	-0.0030
50.5400	-0.0030
50.5600	-0.0020
50.5800	-0.0010
50.6000	-0.0000
50.6200	0.0000
50.6400	0.0010
50.6600	0.0030
50.6800	0.0040
50.7000	0.0050
50.7200	0.0060
50.7400	0.0060
50.7600	0.0070
50.7800	0.0070
50.8000	0.0080
50.8200	0.0090
50.8400	0.0100
50.8600	0.0110
50.8800	0.0110
50.9000	0.0110
50.9200	0.0110
50.9400	0.0110
50.9600	0.0120
50.9800	0.0120
51.0000	0.0120
51.0200	0.0110
51.0400	0.0110
51.0600	0.0120
51.0800	0.0120
51.1000	0.0110
51.1200	0.0110
51.1400	0.0100
51.1600	0.0100
51.1800	0.0090
51.2000	0.0090
51.2200	0.0080
51.2400	0.0070
51.2600	0.0070
51.2800	0.0060
51.3000	0.0060
51.3200	0.0050
51.3400	0.0040
51.3600	0.0030
51.3800	0.0020
51.4000	0.0010
51.4200	-0.0010
51.4400	-0.0020
51.4600	-0.0020
51.4800	-0.0030
51.5000	-0.0040
51.5200	-0.0050
51.5400	-0.0050
51.5600	-0.0070
51.5800	-0.0070
51.6000	-0.0080
51.6200	-0.0090
51.6400	-0.0100
51.6600	-0.0100
51.6800	-0.0110
51.7000	-0.0100
51.7200	-0.0100
51.7400	-0.0110
51.7600	-0.0120
51.7800	-0.0120
51.8000	-0.0120
51.8200	-0.0130
51.8400	-0.0120
51.8600	-0.0120
51.8800	-0.0110
51.9000	-0.0110
51.9200	-0.0100
51.9400	-0.0100
51.9600	-0.0100
51.9800	-0.0090
52.0000	-0.0090
52.0200	-0.0090
52.0400	-0.0080
52.0600	-0.0070
52.0800	-0.0060
52.1000	-0.0040
52.1200	-0.0040
52.1400	-0.0030
52.1600	-0.0020
52.1800	-0.0010
52.2000	-0.0000
52.2200	-0.0000
52.2400	0.0010
52.2600	0.0020
52.2800	0.0030
52.3000	0.0040
52.3200	0.0050
52.3400	0.0060
52.3600	0.0070
52.3800	0.0070
52.4000	0.0080
52.4200	0.0080
52.4400	0.0090
52.4600	0.0100
52.4800	0.0110
52.5000	0.0110
52.5200	0.0110
52.5400	0.0110
52.5600	0.0110
52.5800	0.0120
52.6000	0.0120
52.6200	0.0120
52.6400	0.0120
52.6600	0.0120
52.6800	0.0120
52.7000	0.0110
52.7200	0.0110
52.7400	0.0110
52.7600	0.0110
52.7800	0.0100
52.8000	0.0090
52.8200	0.0080
52.8400	0.0070
52.8600	0.0080
52.8800	0.0070
52.9000	0.0060
52.9200	0.0050
52.9400	0.0040
52.9600	0.0030
52.9800	0.0020
53.0000	0.0010
53.0200	-0.0000
53.0400	-0.0010
53.0600	-0.0010
53.0800	-0.0020
53.1000	-0.0030
53.1200	-0.0040
53.1400	-0.0050
53.1600	-0.0060
53.1800	-0.0070
53.2000	-0.0070
53.2200	-0.0090
53.2400	-0.0090
53.2600	-0.0090
53.2800	-0.0100
53.3000	-0.0090
53.3200	-0.0100
53.3400	-0.0110
53.3600	-0.0110
53.3800	-0.0120
53.4000	-0.0120
53.4200	-0.0120
53.4400	-0.0120
53.4600	-0.0120
53.4800	-0.0120
53.5000	-0.0110
53.5200	-0.0100
53.5400	-0.0110
53.5600	-0.0100
53.5800	-0.0100
53.6000	-0.0090
53.6200	-0.0090
53.6400	-0.0090
53.6600	-0.0070
53.6800	-0.0060
53.7000	-0.0050
53.7200	-0.0040
53.7400	-0.0050
53.7600	-0.0030
53.7800	-0.0020
53.8000	-0.0010
53.8200	-0.0010
53.8400	0.0000
53.8600	0.0010
53.8800	0.0020
53.9000	0.0030
53.9200	0.0040
53.9400	0.0050
53.9600	0.0060
53.9800	0.0070
54.0000	0.0080
54.0200	0.0080
54.0400	0.0080
54.0600	0.0100
54.0800	0.0100
54.1000	0.0110
54.1200	0.0110
54.1400	0.0120
54.1600	0.0110
54.1800	0.0120
54.2000	0.0120
54.2200	0.0120
54.2400	0.0120
54.2600	0.0120
54.2800	0.0120
54.3000	0.0120
54.3200	0.0110
54.3400	0.0110
54.3600	0.0100
54.3800	0.0100
54.4000	0.0100
54.4200	0.0090
54.4400	0.0080
54.4600	0.0080
54.4800	0.0070
54.5000	0.0070
54.5200	0.0050
54.5400	0.0050
54.5600	0.0030
54.5800	0.0030
54.6000	0.0020
54.6200	0.0010
54.6400	-0.0000
54.6600	-0.0000
54.6800	-0.0020
54.7000	-0.0020
54.7200	-0.0030
54.7400	-0.0040
54.7600	-0.0050
54.7800	-0.0060
54.8000	-0.0060
54.8200	-0.0080
54.8400	-0.0090
54.8600	-0.0090
54.8800	-0.0100
54.9000	-0.0090
54.9200	-0.0100
54.9400	-0.0110
54.9600	-0.0110
54.9800	-0.0110
55.0000	-0.0120
55.0200	-0.0120
55.0400	-0.0120
55.0600	-0.0120
55.0800	-0.0120
55.1000	-0.0110
55.1200	-0.0100
55.1400	-0.0110
55.1600	-0.0100
55.1800	-0.0100
55.2000	-0.0100
55.2200	-0.0090
55.2400	-0.0090
55.2600	-0.0080
55.2800	-0.0070
55.3000	-0.0060
55.3200	-0.0050
55.3400	-0.0040
55.3600	-0.0040
55.3800	-0.0030
55.4000	-0.0020
55.4200	-0.0020
55.4400	-0.0010
55.4600	0.0010
55.4800	0.0020
55.5000	0.0030
55.5200	0.0040
55.5400	0.0050
55.5600	0.0050
55.5800	0.0050
55.6000	0.0070
55.6200	0.0070
55.6400	0.0080
55.6600	0.0090
55.6800	0.0090
55.7000	0.0100
55.7200	0.0100
55.7400	0.0100
55.7600	0.0110
55.7800	0.0110
55.8000	0.0120
55.8200	0.0120
55.8400	0.0110
55.8600	0.0120
55.8800	0.0120
55.9000	0.0110
55.9200	0.0110
55.9400	0.0110
55.9600	0.0110
55.9800	0.0110
56.0000	0.0100
56.0200	0.0090
56.0400	0.0090
56.0600	0.0090
56.0800	0.0080
56.1000	0.0070
56.1200	0.0060
56.1400	0.0050
56.1600	0.0050
56.1800	0.0040
56.2000	0.0030
56.2200	0.0010
56.2400	0.0010
56.2600	0.0010
56.2800	-0.0010
56.3000	-0.0010
56.3200	-0.0020
56.3400	-0.0040
56.3600	-0.0040
56.3800	-0.0050
56.4000	-0.0060
56.4200	-0.0070
56.4400	-0.0080
56.4600	-0.0080
56.4800	-0.0090
56.5000	-0.0090
56.5200	-0.0090
56.5400	-0.0110
56.5600	-0.0110
56.5800	-0.0110
56.6000	-0.0110
56.6200	-0.0120
56.6400	-0.0120
56.6600	-0.0120
56.6800	-0.0110
56.7000	-0.0110
56.7200	-0.0110
56.7400	-0.0110
56.7600	-0.0110
56.7800	-0.0100
56.8000	-0.0100
56.8200	-0.0100
56.8400	-0.0100
56.8600	-0.0080
56.8800	-0.0080
56.9000	-0.0060
56.9200	-0.0060
56.9400	-0.0050
56.9600	-0.0050
56.9800	-0.0040
57.0000	-0.0030
57.0200	-0.0030
57.0400	-0.0020
57.0600	-0.0000
57.0800	0.0010
57.1000	0.0020
57.1200	0.0030
57.1400	0.0030
57.1600	0.0040
57.1800	0.0050
57.2000	0.0060
57.2200	0.0060
57.2400	0.0070
57.2600	0.0090
57.2800	0.0090
57.3000	0.0090
57.3200	0.0100
57.3400	0.0100
57.3600	0.0100
57.3800	0.0110
57.4000	0.0110
57.4200	0.0110
57.4400	0.0110
57.4600	0.0110
57.4800	0.0120
57.5000	0.0120
57.5200	0.0110
57.5400	0.0110
57.5600	0.0110
57.5800	0.0100
57.6000	0.0110
57.6200	0.0090
57.6400	0.0090
57.6600	0.0090
57.6800	0.0090
57.7000	0.0080
57.7200	0.0070
57.7400	0.0060
57.7600	0.0060
57.7800	0.0050
57.8000	0.0040
57.8200	0.0020
57.8400	0.0020
57.8600	0.0010
57.8800	0.0010
57.9000	-0.0010
57.9200	-0.0010
57.9400	-0.0020
57.9600	-0.0040
57.9800	-0.0040
58.0000	-0.0050
58.0200	-0.0060
58.0400	-0.0070
58.0600	-0.0070
58.0800	-0.0080
58.1000	-0.0080
58.1200	-0.0090
58.1400	-0.0100
58.1600	-0.0100
58.1800	-0.0100
58.2000	-0.0110
58.2200	-0.0120
58.2400	-0.0120
58.2600	-0.0110
58.2800	-0.0120
58.3000	-0.0110
58.3200	-0.0110
58.3400	-0.0110
58.3600	-0.0110
58.3800	-0.0110
58.4000	-0.0100
58.4200	-0.0110
58.4400	-0.0100
58.4600	-0.0090
58.4800	-0.0080
58.5000	-0.0070
58.5200	-0.0060
58.5400	-0.0060
58.5600	-0.0050
58.5800	-0.0050
58.6000	-0.0040
58.6200	-0.0030
58.6400	-0.0030
58.6600	-0.0010
58.6800	-0.0000
58.7000	0.0010
58.7200	0.0020
58.7400	0.0020
58.7600	0.0030
58.7800	0.0040
58.8000	0.0050
58.8200	0.0060
58.8400	0.0060
58.8600	0.0080
58.8800	0.0080
58.9000	0.0090
58.9200	0.0090
58.9400	0.0090
58.9600	0.0100
58.9800	0.0110
59.0000	0.0110
59.0200	0.0110
59.0400	0.0110
59.0600	0.0120
59.0800	0.0120
59.1000	0.0120
59.1200	0.0120
59.1400	0.0110
59.1600	0.0120
59.1800	0.0110
59.2000	0.0110
59.2200	0.0100
59.2400	0.0100
59.2600	0.0100
59.2800	0.0090
59.3000	0.0090
59.3200	0.0080
59.3400	0.0070
59.3600	0.0060
59.3800	0.0060
59.4000	0.0060
59.4200	0.0040
59.4400	0.0030
59.4600	0.0030
59.4800	0.0010
59.5000	0.0010
59.5200	0.0000
59.5400	-0.0020
59.5600	-0.0020
59.5800	-0.0030
59.6000	-0.0040
59.6200	-0.0050
59.6400	-0.0060
59.6600	-0.0070
59.6800	-0.0080
59.7000	-0.0070
59.7200	-0.0080
59.7400	-0.0090
59.7600	-0.0100
59.7800	-0.0100
59.8000	-0.0100
59.8200	-0.0110
59.8400	-0.0120
59.8600	-0.0120
59.8800	-0.0120
59.9000	-0.0110
59.9200	-0.0110
59.9400	-0.0120
59.9600	-0.0110
59.9800	-0.0110
60.0000	-0.0110
60.0200	-0.0110
60.0400	-0.0110
60.0600	-0.0100
60.0800	-0.0090
60.1000	-0.0080
60.1200	-0.0070
60.1400	-0.0070
60.1600	-0.0060
60.1800	-0.0050
60.2000	-0.0050
60.2200	-0.0050
60.2400	-0.0040
60.2600	-0.0020
60.2800	-0.0010
60.3000	-0.0000
60.3200	0.0010
60.3400	0.0020
60.3600	0.0020
60.3800	0.0030
60.4000	0.0040
60.4200	0.0040
60.4400	0.0050
60.4600	0.0060
60.4800	0.0070
60.5000	0.0080
60.5200	0.0090
60.5400	0.0090
60.5600	0.0100
60.5800	0.0100
60.6000	0.0110
60.6200	0.0110
60.6400	0.0110
60.6600	0.0110
60.6800	0.0120
60.7000	0.0110
60.7200	0.0110
60.7400	0.0120
60.7600	0.0110
60.7800	0.0120
60.8000	0.0110
60.8200	0.0100
60.8400	0.0100
60.8600	0.0100
60.8800	0.0090
60.9000	0.0090
60.9200	0.0090
60.9400	0.0080
60.9600	0.0070
60.9800	0.0060
61.0000	0.0060
61.0200	0.0050
61.0400	0.0030
61.0600	0.0030
61.0800	0.0020
61.1000	0.0020
61.1200	0.0010
61.1400	-0.0010
61.1600	-0.0010
61.1800	-0.0020
61.2000	-0.0030
61.2200	-0.0050
61.2400	-0.0050
61.2600	-0.0060
61.2800	-0.0070
61.3000	-0.0070
61.3200	-0.0080
61.3400	-0.0080
61.3600	-0.0100
61.3800	-0.0100
61.4000	-0.0100
61.4200	-0.0110
61.4400	-0.0120
61.4600	-0.0120
61.4800	-0.0120
61.5000	-0.0110
61.5200	-0.0110
61.5400	-0.0120
61.5600	-0.0120
61.5800	-0.0110
61.6000	-0.0110
61.6200	-0.0110
61.6400	-0.0110
61.6600	-0.0100
61.6800	-0.0100
61.7000	-0.0080
61.7200	-0.0080
61.7400	-0.0080
61.7600	-0.0070
61.7800	-0.0060
61.8000	-0.0050
61.8200	-0.0050
61.8400	-0.0040
61.8600	-0.0030
61.8800	-0.0020
61.9000	-0.0010
61.9200	0.0000
61.9400	0.0000
61.9600	0.0020
61.9800	0.0020
62.0000	0.0030
62.0200	0.0030
62.0400	0.0040
62.0600	0.0060
62.0800	0.0070
62.1000	0.0070
62.1200	0.0080
62.1400	0.0080
62.1600	0.0100
62.1800	0.0100
62.2000	0.0100
62.2200	0.0100
62.2400	0.0110
62.2600	0.0110
62.2800	0.0120
62.3000	0.0120
62.3200	0.0120
62.3400	0.0120
62.3600	0.0120
62.3800	0.0120
62.4000	0.0120
62.4200	0.0110
62.4400	0.0110
62.4600	0.0110
62.4800	0.0100
62.5000	0.0100
62.5200	0.0090
62.5400	0.0090
62.5600	0.0080
62.5800	0.0080
62.6000	0.0060
62.6200	0.0050
62.6400	0.0040
62.6600	0.0040
62.6800	0.0030
62.7000	0.0020
62.7200	0.0020
62.7400	0.0010
62.7600	-0.0010
62.7800	-0.0010
62.8000	-0.0030
62.8200	-0.0040
62.8400	-0.0050
62.8600	-0.0050
62.8800	-0.0060
62.9000	-0.0060
62.9200	-0.0070
62.9400	-0.0080
62.9600	-0.0080
62.9800	-0.0090
63.0000	-0.0100
63.0200	-0.0110
63.0400	-0.0110
63.0600	-0.0110
63.0800	-0.0120
63.1000	-0.0110
63.1200	-0.0110
63.1400	-0.0120
63.1600	-0.0120
63.1800	-0.0120
63.2000	-0.0110
63.2200	-0.0120
63.2400	-0.0120
63.2600	-0.0110
63.2800	-0.0100
63.3000	-0.0090
63.3200	-0.0090
63.3400	-0.0090
63.3600	-0.0080
63.3800	-0.0070
63.4000	-0.0060
63.4200	-0.0060
63.4400	-0.0050
63.4600	-0.0040
63.4800	-0.0030
63.5000	-0.0020
63.5200	-0.0010
63.5400	-0.0000
63.5600	0.0010
63.5800	0.0020
63.6000	0.0020
63.6200	0.0030
63.6400	0.0030
63.6600	0.0050
63.6800	0.0060
63.7000	0.0070
63.7200	0.0080
63.7400	0.0080
63.7600	0.0090
63.7800	0.0100
63.8000	0.0100
63.8200	0.0100
63.8400	0.0100
63.8600	0.0110
63.8800	0.0110
63.9000	0.0110
63.9200	0.0120
63.9400	0.0120
63.9600	0.0120
63.9800	0.0120
64.0000	0.0120
64.0200	0.0110
64.0400	0.0110
64.0600	0.0110
64.0800	0.0110
64.1000	0.0100
64.1200	0.0100
64.1400	0.0090
64.1600	0.0080
64.1800	0.0080
64.2000	0.0070
64.2200	0.0060
64.2400	0.0050
64.2600	0.0050
64.2800	0.0040
64.3000	0.0030
64.3200	0.0030
64.3400	0.0010
64.3600	0.0000
64.3800	-0.0010
64.4000	-0.0020
64.4200	-0.0030
64.4400	-0.0040
64.4600	-0.0050
64.4800	-0.0050
64.5000	-0.0050
64.5200	-0.0060
64.5400	-0.0070
64.5600	-0.0080
64.5800	-0.0090
64.6000	-0.0100
64.6200	-0.0100
64.6400	-0.0110
64.6600	-0.0110
64.6800	-0.0110
64.7000	-0.0110
64.7200	-0.0110
64.7400	-0.0120
64.7600	-0.0120
64.7800	-0.0120
64.8000	-0.0110
64.8200	-0.0120
64.8400	-0.0120
64.8600	-0.0110
64.8800	-0.0110
64.9000	-0.0090
64.9200	-0.0090
64.9400	-0.0090
64.9600	-0.0080
64.9800	-0.0080
65.0000	-0.0070
65.0200	-0.0070
65.0400	-0.0060
65.0600	-0.0040
65.0800	-0.0030
65.1000	-0.0020
65.1200	-0.0010
65.1400	-0.0010
65.1600	-0.0000
65.1800	0.0000
65.2000	0.0020
65.2200	0.0020
65.2400	0.0030
65.2600	0.0040
65.2800	0.0060
65.3000	0.0060
65.3200	0.0070
65.3400	0.0070
65.3600	0.0080
65.3800	0.0090
65.4000	0.0100
65.4200	0.0090
65.4400	0.0100
65.4600	0.0110
65.4800	0.0120
65.5000	0.0110
65.5200	0.0120
65.5400	0.0120
65.5600	0.0120
65.5800	0.0120
65.6000	0.0120
65.6200	0.0110
65.6400	0.0110
65.6600	0.0120
65.6800	0.0110
65.7000	0.0110
65.7200	0.0100
65.7400	0.0090
65.7600	0.0090
65.7800	0.0080
65.8000	0.0080
65.8200	0.0060
65.8400	0.0060
65.8600	0.0060
65.8800	0.0050
65.9000	0.0040
65.9200	0.0040
65.9400	0.0020
65.9600	0.0010
65.9800	0.0000
66.0000	-0.0000
66.0200	-0.0020
66.0400	-0.0030
66.0600	-0.0040
66.0800	-0.0050
66.1000	-0.0050
66.1200	-0.0060
66.1400	-0.0070
66.1600	-0.0080
66.1800	-0.0080
66.2000	-0.0090
66.2200	-0.0100
66.2400	-0.0100
66.2600	-0.0110
66.2800	-0.0110
66.3000	-0.0110
66.3200	-0.0110
66.3400	-0.0120
66.3600	-0.0120
66.3800	-0.0110
66.4000	-0.0120
66.4200	-0.0120
66.4400	-0.0120
66.4600	-0.0120
66.4800	-0.0110
66.5000	-0.0100
66.5200	-0.0090
66.5400	-0.0100
66.5600	-0.0090
66.5800	-0.0080
66.6000	-0.0080
66.6200	-0.0080
66.6400	-0.0070
66.6600	-0.0050
66.6800	-0.0040
66.7000	-0.0030
66.7200	-0.0020
66.7400	-0.0020
66.7600	-0.0010
66.7800	-0.0000
66.8000	0.0000
66.8200	0.0010
66.8400	0.0020
66.8600	0.0040
66.8800	0.0040
66.9000	0.0050
66.9200	0.0060
66.9400	0.0060
66.9600	0.0070
66.9800	0.0080
67.0000	0.0090
67.0200	0.0080
67.0400	0.0090
67.0600	0.0100
67.0800	0.0100
67.1000	0.0100
67.1200	0.0100
67.1400	0.0110
67.1600	0.0110
67.1800	0.0110
67.2000	0.0110
67.2200	0.0110
67.2400	0.0100
67.2600	0.0110
67.2800	0.0110
67.3000	0.0100
67.3200	0.0100
67.3400	0.0100
67.3600	0.0090
67.3800	0.0080
67.4000	0.0080
67.4200	0.0070
67.4400	0.0060
67.4600	0.0070
67.4800	0.0060
67.5000	0.0050
67.5200	0.0040
67.5400	0.0030
67.5600	0.0030
67.5800	0.0010
67.6000	0.0010
67.6200	-0.0010
